0 0.3934540389972145 0.6336436170212766 0.38196378830083566 0.7047872340425532 0.3582869080779944 0.7792553191489362 0.38440111420612816 0.8065159574468085 0.4167827298050139 0.776595744680851 0.4258356545961003 0.7087765957446809 0.43802228412256267 0.660904255319149 0.435933147632312 0.6409574468085106 0.4233983286908078 0.6329787234042553
0 0.4272284122562674 0.4867021276595745 0.42479108635097496 0.5498670212765957 0.4195682451253482 0.632313829787234 0.43558495821727017 0.6469414893617021 0.4495125348189415 0.629654255319149 0.4481197771587744 0.5871010638297872 0.443941504178273 0.5106382978723404 0.4418523676880223 0.47606382978723405 0.43245125348189417 0.4634308510638298
0 0.5863509749303621 0.682845744680851 0.608983286908078 0.805186170212766 0.6236072423398329 0.8071808510638298 0.6274373259052924 0.7825797872340425 0.621866295264624 0.7001329787234043 0.6225626740947076 0.6695478723404256 0.6135097493036211 0.644281914893617 0.599233983286908 0.6436170212765957 0.5901810584958217 0.6549202127659575
0 0.6072423398328691 0.6589095744680851 0.6215181058495822 0.7074468085106383 0.6274373259052924 0.7672872340425532 0.6441504178272981 0.7958776595744681 0.6518105849582173 0.7958776595744681 0.6803621169916435 0.7825797872340425 0.6834958217270195 0.7699468085106383 0.6807103064066853 0.738031914893617 0.661908077994429 0.6788563829787234 0.6601671309192201 0.632313829787234 0.6511142061281338 0.617686170212766 0.6277855153203342 0.6276595744680851 0.6103760445682451 0.6343085106382979
0 0.608983286908078 0.5565159574468085 0.604108635097493 0.5904255319148937 0.6114206128133705 0.6236702127659575 0.6211699164345403 0.6349734042553191 0.6326601671309192 0.6276595744680851 0.6566852367688022 0.6143617021276596 0.6566852367688022 0.5917553191489362 0.6521587743732591 0.5618351063829787 0.6469359331476323 0.5478723404255319 0.6469359331476323 0.44680851063829785 0.6232590529247911 0.4461436170212766 0.6103760445682451 0.4488031914893617 0.604108635097493 0.5159574468085106 0.6079387186629527 0.5498670212765957
0 0.6438022284122563 0.5139627659574468 0.6455431754874652 0.5565159574468085 0.6472841225626741 0.5824468085106383 0.6563370473537604 0.6037234042553191 0.6706128133704735 0.6117021276595744 0.6953342618384402 0.586436170212766 0.6981197771587744 0.555186170212766 0.6821030640668524 0.5159574468085106 0.6636490250696379 0.46875 0.6552924791086351 0.4441489361702128 0.6472841225626741 0.4434840425531915
0 0.39240947075208915 0.5186170212765957 0.387883008356546 0.5565159574468085 0.3788300835654596 0.6023936170212766 0.3889275766016713 0.6303191489361702 0.41051532033426186 0.6343085106382979 0.42374651810584957 0.629654255319149 0.42896935933147634 0.6030585106382979 0.42653203342618384 0.5651595744680851 0.42374651810584957 0.49800531914893614 0.4220055710306407 0.45146276595744683 0.4126044568245125 0.4321808510638298 0.3955431754874652 0.44481382978723405 0.3931058495821727 0.4886968085106383
2 0.6552924791086351 0.43949468085106386 0.6733983286908078 0.4946808510638298 0.6852367688022284 0.5146276595744681 0.7068245125348189 0.5026595744680851 0.724233983286908 0.45345744680851063 0.6761838440111421 0.36103723404255317 0.6573816155988857 0.3882978723404255
2 0.7036908077994429 0.6043882978723404 0.7110027855153204 0.6529255319148937 0.7266713091922006 0.7081117021276596 0.762883008356546 0.7207446808510638 0.775766016713092 0.6855053191489362 0.7618384401114207 0.5824468085106383 0.7294568245125348 0.5804521276595744
2 0.38579387186629527 0.4328457446808511 0.3777855153203343 0.47938829787234044 0.3568941504178273 0.5139627659574468 0.33565459610027853 0.5132978723404256 0.32207520891364905 0.48271276595744683 0.32346796657381616 0.40558510638297873 0.3568941504178273 0.36436170212765956 0.37012534818941506 0.3636968085106383 0.383008356545961 0.40226063829787234
2 0.2966573816155989 0.5658244680851063 0.2823816155988858 0.6336436170212766 0.28307799442896936 0.699468085106383 0.3018802228412256 0.7034574468085106 0.3332172701949861 0.6582446808510638 0.34993036211699163 0.5997340425531915 0.3231197771587744 0.5605053191489362