2 0.22631195335276968 0.53419452887538 0.2088192419825073 0.5653495440729484 0.19752186588921283 0.6724924012158054 0.21137026239067055 0.7180851063829787 0.2368804664723032 0.736322188449848 0.25911078717201164 0.6709726443768997 0.27769679300291544 0.6132218844984803 0.2725947521865889 0.5630699088145896 0.23651603498542273 0.5303951367781155
2 0.7452623906705539 0.526595744680851 0.7685860058309038 0.5577507598784195 0.7758746355685131 0.6952887537993921 0.7459912536443148 0.7317629179331308 0.7321428571428571 0.6907294832826748 0.7190233236151603 0.6466565349544073 0.7124635568513119 0.5942249240121581 0.7113702623906706 0.5547112462006079 0.7288629737609329 0.5334346504559271
0 0.2857142857142857 0.540273556231003 0.2747813411078717 0.5668693009118541 0.2685860058309038 0.6238601823708206 0.24708454810495628 0.6960486322188449 0.24599125364431487 0.7492401215805471 0.25145772594752186 0.7621580547112462 0.26494169096209913 0.7659574468085106 0.28680758017492713 0.7583586626139818 0.31013119533527694 0.702887537993921 0.32252186588921283 0.6512158054711246 0.33454810495626824 0.6132218844984803 0.3338192419825073 0.5797872340425532 0.32142857142857145 0.547112462006079 0.3013848396501458 0.5379939209726444
0 0.5335276967930029 0.5691489361702128 0.5513848396501457 0.5509118541033434 0.564868804664723 0.5775075987841946 0.5666909620991254 0.6063829787234043 0.5641399416909622 0.6740121580547113 0.5688775510204082 0.871580547112462 0.5502915451895044 0.8738601823708206 0.5422740524781341 0.7895136778115501 0.5331632653061225 0.6633738601823708 0.5331632653061225 0.5911854103343465
0 0.5623177842565598 0.6048632218844985 0.5794460641399417 0.5721884498480243 0.5911078717201166 0.6048632218844985 0.5936588921282799 0.6382978723404256 0.5914723032069971 0.6762917933130699 0.5973032069970845 0.8442249240121581 0.5816326530612245 0.8617021276595744 0.5703352769679301 0.8183890577507599 0.5626822157434402 0.7401215805471124 0.5597667638483965 0.6474164133738601 0.5597667638483965 0.6117021276595744
0 0.5849125364431487 0.6056231003039514 0.5998542274052479 0.5790273556231003 0.6137026239067055 0.5965045592705167 0.6198979591836735 0.6474164133738601 0.6275510204081632 0.8320668693009119 0.6137026239067055 0.8351063829787234 0.5994897959183674 0.7826747720364742 0.5907434402332361 0.6717325227963525 0.5830903790087464 0.6268996960486323
0 0.6253644314868805 0.310790273556231 0.6235422740524781 0.4126139817629179 0.6198979591836735 0.45896656534954405 0.624271137026239 0.4946808510638298 0.6450437317784257 0.5022796352583586 0.6658163265306123 0.48328267477203646 0.6672740524781341 0.4034954407294833 0.672740524781341 0.3009118541033435 0.668731778425656 0.28191489361702127 0.6410349854227405 0.28191489361702127 0.630466472303207 0.2917933130699088
0 0.28389212827988336 0.3700607902735562 0.288265306122449 0.479483282674772 0.2915451895043732 0.5167173252279635 0.29956268221574345 0.5258358662613982 0.32580174927113703 0.526595744680851 0.33199708454810495 0.4969604863221885 0.33163265306122447 0.4513677811550152 0.32325072886297374 0.4065349544072948 0.3119533527696793 0.3009118541033435 0.29737609329446063 0.2857142857142857 0.28389212827988336 0.30851063829787234
0 0.6075072886297376 0.5957446808510638 0.6155247813411079 0.567629179331307 0.6344752186588921 0.5721884498480243 0.6567055393586005 0.5493920972644377 0.6618075801749271 0.5828267477203647 0.668002915451895 0.6633738601823708 0.6938775510204082 0.7773556231003039 0.6501457725947521 0.8199088145896657 0.6286443148688047 0.756838905775076 0.6173469387755102 0.6671732522796353 0.607871720116618 0.6139817629179332
0 0.6716472303206997 0.5501519756838906 0.6581632653061225 0.5661094224924013 0.6585276967930029 0.60790273556231 0.6767492711370262 0.6846504559270516 0.7000728862973761 0.7583586626139818 0.732871720116618 0.7629179331306991 0.744533527696793 0.7287234042553191 0.7284985422740525 0.6618541033434651 0.7175655976676385 0.6101823708206687 0.7106413994169096 0.5577507598784195 0.6953352769679301 0.5288753799392097
3 0.5167638483965015 0.5501519756838906 0.5379008746355685 0.5539513677811551 0.5342565597667639 0.6390577507598785 0.5382653061224489 0.7150455927051672 0.5393586005830904 0.8168693009118541 0.517128279883382 0.8183890577507599 0.5134839650145773 0.7074468085106383 0.5120262390670554 0.6003039513677811
3 0.5153061224489796 0.547112462006079 0.5112973760932945 0.6907294832826748 0.5182215743440233 0.8275075987841946 0.4905247813411079 0.8404255319148937 0.4905247813411079 0.6740121580547113 0.4897959183673469 0.5509118541033434
3 0.4897959183673469 0.5531914893617021 0.49198250728862974 0.8434650455927052 0.47011661807580174 0.8297872340425532 0.47011661807580174 0.7310030395136778 0.46938775510204084 0.5493920972644377