0 0.4006598240469208 0.3822188449848024 0.3966275659824047 0.3844984802431611 0.3911290322580645 0.37462006079027355 0.38233137829912023 0.3844984802431611 0.3815982404692082 0.41413373860182373 0.3790322580645161 0.43844984802431614 0.3775659824046921 0.4673252279635258 0.375733137829912 0.5113981762917933 0.3724340175953079 0.5600303951367781 0.3914956011730205 0.5752279635258358 0.40762463343108507 0.5668693009118541 0.41055718475073316 0.5387537993920972 0.41055718475073316 0.5015197568389058 0.41055718475073316 0.446048632218845 0.4112903225806452 0.4088145896656535
0 0.3786656891495601 0.39209726443769 0.3790322580645161 0.42249240121580545 0.3779325513196481 0.46200607902735563 0.38013196480938416 0.49772036474164133 0.38636363636363635 0.5311550151975684 0.38269794721407624 0.5699088145896657 0.3680351906158358 0.5835866261398176 0.3526392961876833 0.5828267477203647 0.3376099706744868 0.5759878419452887 0.3317448680351906 0.5395136778115501 0.33394428152492667 0.5015197568389058 0.3324780058651026 0.47112462006079026 0.3262463343108504 0.439209726443769 0.31744868035190615 0.3882978723404255 0.3493401759530792 0.3882978723404255 0.36656891495601174 0.3639817629179331
0 0.5989736070381232 0.3738601823708207 0.5971407624633431 0.3860182370820669 0.5890762463343109 0.4338905775075988 0.5879765395894428 0.4764437689969605 0.5861436950146628 0.5030395136778115 0.5799120234604106 0.540273556231003 0.5769794721407625 0.5554711246200608 0.5865102639296188 0.5805471124620061 0.6037390029325513 0.587386018237082 0.6165689149560117 0.5843465045592705 0.6202346041055719 0.560790273556231 0.6187683284457478 0.5227963525835866 0.6180351906158358 0.479483282674772 0.6184017595307918 0.446048632218845 0.6195014662756598 0.4088145896656535 0.6176686217008798 0.3594224924012158
1 0.6444281524926686 0.378419452887538 0.6455278592375366 0.4004559270516717 0.6414956011730205 0.43541033434650456 0.6374633431085044 0.4749240121580547 0.6374633431085044 0.5197568389057751 0.6374633431085044 0.5425531914893617 0.6367302052785924 0.5759878419452887 0.6513929618768328 0.5942249240121581 0.6609237536656891 0.5911854103343465 0.6781524926686217 0.587386018237082 0.6766862170087976 0.5212765957446809 0.6722873900293255 0.4764437689969605 0.6675219941348973 0.4270516717325228 0.6693548387096774 0.3700607902735562 0.6653225806451613 0.3434650455927052 0.6477272727272727 0.35790273556231
0 0.5909090909090909 0.8153495440729484 0.5879765395894428 0.797112462006079 0.5810117302052786 0.7454407294832827 0.5810117302052786 0.6945288753799392 0.5766129032258065 0.6375379939209727 0.5810117302052786 0.6170212765957447 0.6022727272727273 0.60790273556231 0.6099706744868035 0.6306990881458967 0.6121700879765396 0.6633738601823708 0.6110703812316716 0.6899696048632219 0.6070381231671554 0.7127659574468085 0.6070381231671554 0.7416413373860182 0.6070381231671554 0.7720364741641338
0 0.6282991202346041 0.8252279635258358 0.6099706744868035 0.6884498480243161 0.6074046920821115 0.6610942249240122 0.6041055718475073 0.6261398176291794 0.6147360703812317 0.6132218844984803 0.6279325513196481 0.6048632218844985 0.6403958944281525 0.6360182370820668 0.6407624633431085 0.6694528875379939 0.6400293255131965 0.6922492401215805 0.6425953079178885 0.7249240121580547 0.6429618768328446 0.756838905775076 0.6429618768328446 0.8229483282674772
1 0.6495601173020528 0.8191489361702128 0.6495601173020528 0.7986322188449848 0.6447947214076246 0.7598784194528876 0.6414956011730205 0.7249240121580547 0.6367302052785924 0.6785714285714286 0.6378299120234604 0.6466565349544073 0.6345307917888563 0.6177811550151976 0.6396627565982405 0.6056231003039514 0.6535923753665689 0.6177811550151976 0.6697214076246334 0.6056231003039514 0.6796187683284457 0.6139817629179332 0.6774193548387096 0.6382978723404256 0.6807184750733137 0.6762917933130699 0.6829178885630498 0.709726443768997 0.6884164222873901 0.7378419452887538 0.6939149560117303 0.7659574468085106 0.6928152492668622 0.8085106382978723 0.6873167155425219 0.8328267477203647 0.6682551319648093 0.8335866261398176
0 0.3691348973607038 0.8092705167173252 0.38673020527859236 0.7712765957446809 0.39259530791788855 0.7279635258358662 0.40285923753665687 0.6717325227963525 0.40689149560117305 0.6375379939209727 0.3944281524926686 0.6071428571428571 0.3808651026392962 0.5995440729483282 0.36950146627565983 0.5934650455927052 0.3581378299120235 0.6200607902735562 0.35117302052785926 0.648936170212766 0.3493401759530792 0.6740121580547113 0.33944281524926684 0.7150455927051672 0.32661290322580644 0.7454407294832827 0.3225806451612903 0.7583586626139818 0.3255131964809384 0.7857142857142857 0.34274193548387094 0.8054711246200608
0 0.2936217008797654 0.3882978723404255 0.2961876832844575 0.4908814589665654 0.28848973607038125 0.5281155015197568 0.2925219941348974 0.5585106382978723 0.3002199413489736 0.5767477203647416 0.32038123167155425 0.5797872340425532 0.3343108504398827 0.5729483282674772 0.33724340175953077 0.547112462006079 0.3376099706744868 0.5 0.3354105571847507 0.446048632218845 0.32368035190615835 0.4027355623100304 0.312316715542522 0.364741641337386 0.30131964809384165 0.35030395136778114 0.2965542521994135 0.35790273556231
0 0.2782258064516129 0.5509118541033434 0.2635630498533724 0.5752279635258358 0.25146627565982405 0.6124620060790273 0.23790322580645162 0.6405775075987842 0.22727272727272727 0.6854103343465046 0.23607038123167157 0.6983282674772037 0.2404692082111437 0.7203647416413373 0.24780058651026393 0.7203647416413373 0.26392961876832843 0.7203647416413373 0.2840909090909091 0.6846504559270516 0.3057184750733138 0.6436170212765957 0.31781524926686217 0.621580547112462 0.31414956011730205 0.5858662613981763 0.30131964809384165 0.5691489361702128 0.28848973607038125 0.5615501519756839
0 0.3255131964809384 0.5835866261398176 0.312683284457478 0.5851063829787234 0.3020527859237537 0.6185410334346505 0.2939882697947214 0.6588145896656535 0.27785923753665687 0.7006079027355623 0.26796187683284456 0.7393617021276596 0.26796187683284456 0.7644376899696048 0.2760263929618768 0.7872340425531915 0.2928885630498534 0.8016717325227963 0.3060850439882698 0.797112462006079 0.3222140762463343 0.7583586626139818 0.3412756598240469 0.7142857142857143 0.3563049853372434 0.6770516717325228 0.3658357771260997 0.6314589665653495 0.3596041055718475 0.6056231003039514 0.34420821114369504 0.5942249240121581 0.3324780058651026 0.5828267477203647
1 0.6785190615835777 0.3723404255319149 0.6744868035190615 0.46580547112462006 0.6737536656891495 0.5357142857142857 0.6744868035190615 0.5767477203647416 0.6829178885630498 0.5866261398176292 0.7008797653958945 0.581306990881459 0.7159090909090909 0.5661094224924013 0.7159090909090909 0.5281155015197568 0.7071114369501467 0.4817629179331307 0.7071114369501467 0.4194528875379939 0.7093108504398827 0.36322188449848025 0.7019794721407625 0.33814589665653494 0.6884164222873901 0.3404255319148936 0.6825513196480938 0.36246200607902734 0.6814516129032258 0.3677811550151976