0 0.15403225806451612 0.375 0.15443548387096775 0.4002659574468085 0.16612903225806452 0.43018617021276595 0.18346774193548387 0.44481382978723405 0.2064516129032258 0.4428191489361702 0.21814516129032258 0.4295212765957447 0.20887096774193548 0.38231382978723405 0.21653225806451612 0.3464095744680851 0.2213709677419355 0.3091755319148936 0.22016129032258064 0.261968085106383 0.2064516129032258 0.2386968085106383 0.18467741935483872 0.24002659574468085 0.1693548387096774 0.29853723404255317
1 0.2213709677419355 0.3617021276595745 0.2129032258064516 0.37566489361702127 0.20766129032258066 0.3976063829787234 0.21491935483870966 0.42486702127659576 0.22822580645161292 0.4375 0.2600806451612903 0.43018617021276595 0.26895161290322583 0.41023936170212766 0.2737903225806452 0.37101063829787234 0.27419354838709675 0.3158244680851064 0.2653225806451613 0.2958776595744681 0.24153225806451614 0.2958776595744681 0.2254032258064516 0.3357712765957447
0 0.255241935483871 0.4408244680851064 0.255241935483871 0.4607712765957447 0.25806451612903225 0.4787234042553192 0.27056451612903226 0.4953457446808511 0.28225806451612906 0.4946808510638298 0.29758064516129035 0.488031914893617 0.30120967741935484 0.46143617021276595 0.30443548387096775 0.4115691489361702 0.3084677419354839 0.3783244680851064 0.3133064516129032 0.3550531914893617 0.3149193548387097 0.29986702127659576 0.307258064516129 0.2878989361702128 0.29596774193548386 0.2978723404255319 0.28830645161290325 0.3178191489361702 0.27661290322580645 0.363031914893617 0.26975806451612905 0.40625
1 0.5725806451612904 0.5152925531914894 0.5846774193548387 0.4973404255319149 0.6024193548387097 0.5033244680851063 0.6137096774193549 0.5172872340425532 0.6221774193548387 0.5392287234042553 0.6298387096774194 0.601063829787234 0.6375 0.6349734042553191 0.6423387096774194 0.6702127659574468 0.6411290322580645 0.7054521276595744 0.6245967741935484 0.7041223404255319 0.6056451612903225 0.6688829787234043 0.5903225806451613 0.6090425531914894 0.5758064516129032 0.5598404255319149
0 0.6645161290322581 0.5305851063829787 0.6754032258064516 0.5611702127659575 0.7036290322580645 0.6236702127659575 0.7370967741935484 0.648936170212766 0.755241935483871 0.6429521276595744 0.7512096774193548 0.5917553191489362 0.7278225806451613 0.5252659574468085 0.7169354838709677 0.48603723404255317 0.7096774193548387 0.45944148936170215 0.6975806451612904 0.45944148936170215 0.677016129032258 0.46675531914893614 0.6596774193548387 0.48603723404255317 0.6540322580645161 0.4913563829787234 0.6580645161290323 0.511968085106383
0 0.10161290322580645 0.4747340425531915 0.08830645161290322 0.511968085106383 0.09314516129032258 0.538563829787234 0.10362903225806451 0.5565159574468085 0.12459677419354839 0.5631648936170213 0.14596774193548387 0.5219414893617021 0.16370967741935483 0.49800531914893614 0.17983870967741936 0.4714095744680851 0.18185483870967742 0.449468085106383 0.16774193548387098 0.42686170212765956 0.15080645161290324 0.40226063829787234 0.12983870967741937 0.4015957446808511 0.11653225806451613 0.42486702127659576
0 0.30443548387096775 0.41023936170212766 0.2955645161290323 0.46476063829787234 0.29758064516129035 0.4913563829787234 0.32137096774193546 0.5086436170212766 0.3431451612903226 0.4886968085106383 0.3463709677419355 0.46742021276595747 0.3431451612903226 0.4295212765957447 0.3379032258064516 0.36103723404255317 0.32620967741935486 0.3257978723404255 0.3157258064516129 0.3158244680851064 0.3096774193548387 0.34242021276595747
0 0.3346774193548387 0.2746010638297872 0.33225806451612905 0.3071808510638298 0.3318548387096774 0.3503989361702128 0.3375 0.4148936170212766 0.34516129032258064 0.46742021276595747 0.3604838709677419 0.4913563829787234 0.37661290322580643 0.49069148936170215 0.38629032258064516 0.4621010638297872 0.38911290322580644 0.4507978723404255 0.37338709677419357 0.3377659574468085 0.3596774193548387 0.2958776595744681 0.3395161290322581 0.2466755319148936
0 0.6717741935483871 0.24800531914893617 0.6697580645161291 0.33111702127659576 0.6729838709677419 0.39893617021276595 0.682258064516129 0.4408244680851064 0.7048387096774194 0.45345744680851063 0.7318548387096774 0.4321808510638298 0.7334677419354839 0.4148936170212766 0.7245967741935484 0.37101063829787234 0.7044354838709678 0.25199468085106386 0.6818548387096774 0.22739361702127658
0 0.6213709677419355 0.3038563829787234 0.6189516129032258 0.3776595744680851 0.6209677419354839 0.42486702127659576 0.6294354838709677 0.4714095744680851 0.6725806451612903 0.47273936170212766 0.680241935483871 0.4521276595744681 0.6826612903225806 0.4328457446808511 0.6766129032258065 0.38563829787234044 0.6576612903225807 0.31117021276595747 0.6407258064516129 0.2785904255319149 0.6254032258064516 0.27925531914893614
0 0.6004032258064517 0.28523936170212766 0.6112903225806452 0.35305851063829785 0.6149193548387096 0.39893617021276595 0.6225806451612903 0.425531914893617 0.6294354838709677 0.4640957446808511 0.6245967741935484 0.4913563829787234 0.6024193548387097 0.4973404255319149 0.5879032258064516 0.4714095744680851 0.5782258064516129 0.4428191489361702 0.5721774193548387 0.3690159574468085 0.5721774193548387 0.2958776595744681 0.5866935483870968 0.2779255319148936
0 0.29838709677419356 0.5179521276595744 0.3189516129032258 0.5059840425531915 0.3326612903225806 0.5159574468085106 0.33911290322580645 0.5285904255319149 0.34233870967741936 0.5398936170212766 0.33911290322580645 0.5644946808510638 0.33225806451612905 0.5851063829787234 0.3254032258064516 0.6183510638297872 0.3209677419354839 0.6462765957446809 0.31370967741935485 0.6768617021276596 0.3032258064516129 0.7027925531914894 0.2907258064516129 0.7180851063829787 0.2754032258064516 0.7087765957446809 0.27580645161290324 0.6668882978723404 0.2806451612903226 0.6243351063829787 0.28225806451612906 0.5857712765957447 0.2879032258064516 0.5625 0.2915322580645161 0.5438829787234043
2 0.10927419354838709 0.45944148936170215 0.10241935483870968 0.48936170212765956 0.09193548387096774 0.5139627659574468 0.09314516129032258 0.5545212765957447 0.12419354838709677 0.5631648936170213 0.15403225806451612 0.5033244680851063 0.17459677419354838 0.48404255319148937 0.18387096774193548 0.45811170212765956 0.17379032258064517 0.4348404255319149 0.15241935483870966 0.40558510638297873 0.1310483870967742 0.39561170212765956 0.11975806451612903 0.418218085106383
1 0.29838709677419356 0.5179521276595744 0.3189516129032258 0.5059840425531915 0.3326612903225806 0.5159574468085106 0.33911290322580645 0.5285904255319149 0.34233870967741936 0.5398936170212766 0.33911290322580645 0.5644946808510638 0.33225806451612905 0.5851063829787234 0.3254032258064516 0.6183510638297872 0.3209677419354839 0.6462765957446809 0.31370967741935485 0.6768617021276596 0.3032258064516129 0.7027925531914894 0.2907258064516129 0.7180851063829787 0.2754032258064516 0.7087765957446809 0.27580645161290324 0.6668882978723404 0.2806451612903226 0.6243351063829787 0.28225806451612906 0.5857712765957447 0.2879032258064516 0.5625 0.2915322580645161 0.5438829787234043