0 0.46661854926019486 0.33358662613981765 0.46950559364850236 0.4088145896656535 0.4691447130999639 0.4726443768996961 0.4691447130999639 0.4992401215805471 0.46517502706604114 0.5288753799392097 0.46661854926019486 0.5463525835866262 0.4648141465175027 0.5623100303951368 0.45326596896427285 0.5623100303951368 0.4435221941537351 0.5539513677811551 0.4399133886683508 0.541033434650456 0.4388307470227355 0.5296352583586627 0.4399133886683508 0.5121580547112462 0.4402742692168892 0.4688449848024316 0.4496571634788885 0.3351063829787234
0 0.43341753879465894 0.3069908814589666 0.4420786719595814 0.4088145896656535 0.4420786719595814 0.4726443768996961 0.4428004330566582 0.4969604863221885 0.4428004330566582 0.5174772036474165 0.4402742692168892 0.5319148936170213 0.4366654637315049 0.5486322188449848 0.4319740166005052 0.5585106382978723 0.42259112233850593 0.5615501519756839 0.41753879465896787 0.5623100303951368 0.41140382533381453 0.5448328267477204 0.40671237820281486 0.520516717325228 0.4063514976542764 0.5 0.414290869722122 0.3723404255319149 0.42150848069289065 0.31155015197568386
0 0.4132082280765067 0.3533434650455927 0.42006495849873693 0.43617021276595747 0.42764345001804405 0.47796352583586627 0.42619992782389027 0.5075987841945289 0.42006495849873693 0.5189969604863222 0.41392998917358353 0.5334346504559271 0.4110429447852761 0.5433130699088146 0.4088776614940455 0.5455927051671733 0.40129916997473836 0.5440729483282675 0.3955250811981234 0.5372340425531915 0.3915553951642006 0.5212765957446809 0.3875857091302779 0.4939209726443769 0.3984121255864309 0.3518237082066869 0.4132082280765067 0.34498480243161095
0 0.3782028148682786 0.3465045592705167 0.3699025622518946 0.44756838905775076 0.3630458318296644 0.49012158054711247 0.3619631901840491 0.5045592705167173 0.3673763984121256 0.520516717325228 0.3749548899314327 0.5311550151975684 0.3836160230963551 0.5258358662613982 0.3901118729700469 0.5129179331306991 0.39516420064958496 0.49772036474164133 0.39516420064958496 0.4673252279635258 0.3901118729700469 0.33358662613981765 0.37964633706243234 0.33358662613981765
1 0.29736557199566943 0.32066869300911854 0.3013352580295922 0.3738601823708207 0.2977264525442079 0.4194528875379939 0.2959220498015157 0.44680851063829785 0.2959220498015157 0.46504559270516715 0.3107181522915915 0.49772036474164133 0.3258751353302057 0.5106382978723404 0.3374233128834356 0.49772036474164133 0.33922771562612775 0.46580547112462006 0.3341753879465897 0.4430091185410334 0.3356189101407434 0.3768996960486322 0.3215445687477445 0.31762917933130697
1 0.6210754240346446 0.3351063829787234 0.6149404547094912 0.44224924012158057 0.6120534103211837 0.47112462006079026 0.6124142908697221 0.49848024316109424 0.6163839769036449 0.5113981762917933 0.623962468422952 0.5189969604863222 0.6387585709130278 0.5281155015197568 0.6423673763984121 0.506838905775076 0.6416456153013352 0.4810030395136778 0.6365932876217972 0.4521276595744681 0.6351497654276435 0.32598784194528874
1 0.6416456153013352 0.3305471124620061 0.6380368098159509 0.439209726443769 0.632262721039336 0.46200607902735563 0.6380368098159509 0.4764437689969605 0.6434500180440275 0.4878419452887538 0.6510285095633346 0.5007598784194529 0.6669072536990256 0.5045592705167173 0.6734031035727174 0.4870820668693009 0.6726813424756406 0.33358662613981765
0 0.6813424756405629 0.31382978723404253 0.6741248646697943 0.3670212765957447 0.6737639841212558 0.4088145896656535 0.673042223024179 0.44224924012158057 0.6708769397329484 0.4574468085106383 0.6708769397329484 0.46580547112462006 0.6719595813785637 0.4810030395136778 0.6726813424756406 0.4878419452887538 0.6737639841212558 0.4939209726443769 0.678094550703717 0.5045592705167173 0.6860339227715626 0.5083586626139818 0.6936124142908697 0.5053191489361702 0.702995308552869 0.49772036474164133 0.7069649945867917 0.4878419452887538 0.7127390833634067 0.47112462006079026 0.7127390833634067 0.4612462006079027 0.708769397329484 0.4331306990881459 0.7069649945867917 0.4088145896656535 0.7069649945867917 0.378419452887538 0.7076867556838686 0.3465045592705167 0.7080476362324071 0.31382978723404253
0 0.7159870083002526 0.31534954407294835 0.7073258751353302 0.364741641337386 0.7073258751353302 0.40425531914893614 0.7091302778780224 0.42933130699088146 0.7120173222663299 0.44680851063829785 0.7123782028148683 0.45592705167173253 0.7109346806207145 0.47112462006079026 0.7145434861060989 0.4969604863221885 0.7224828581739444 0.5 0.7282569469505593 0.5007598784194529 0.7351136773727897 0.49620060790273557 0.743774810537712 0.4810030395136778 0.749548899314327 0.4627659574468085 0.752075063154096 0.446048632218845 0.7484662576687117 0.4209726443768997 0.741248646697943 0.3708206686930091 0.7390833634067123 0.34422492401215804 0.7361963190184049 0.3161094224924012
2 0.741248646697943 0.5379939209726444 0.7347527968242512 0.5539513677811551 0.7289787080476362 0.5653495440729484 0.7275351858534825 0.5820668693009119 0.7275351858534825 0.5942249240121581 0.7260916636593288 0.6003039513677811 0.7235654998195598 0.60790273556231 0.7232046192710213 0.6155015197568389 0.7228437387224829 0.628419452887538 0.7239263803680982 0.6443768996960486 0.7333092746300974 0.6671732522796353 0.7390833634067123 0.6717325227963525 0.7527968242511729 0.682370820668693 0.7578491519307109 0.6831306990881459 0.7968242511728618 0.6861702127659575 0.7989895344640924 0.6443768996960486 0.7921328040418621 0.6003039513677811 0.7856369541681704 0.5775075987841946 0.7693973294839408 0.5615501519756839 0.7600144352219416 0.5531914893617021
1 0.37423312883435583 0.5448328267477204 0.3623240707325875 0.5440729483282675 0.35546734031035726 0.5440729483282675 0.34752796824251175 0.5455927051671733 0.3388668350775893 0.547112462006079 0.3356189101407434 0.5486322188449848 0.33309274630097435 0.5562310030395137 0.33273186575243596 0.567629179331307 0.3323709852038975 0.5820668693009119 0.33164922410682063 0.6003039513677811 0.32515337423312884 0.6268996960486323 0.30891374954889933 0.7036474164133738 0.35546734031035726 0.7583586626139818 0.37351136773727894 0.668693009118541 0.3782028148682786 0.6025835866261399 0.38505954529050884 0.5866261398176292 0.38722482858173946 0.5752279635258358 0.3908336340671238 0.560790273556231 0.39119451461566224 0.5516717325227963 0.3901118729700469 0.5448328267477204 0.3854204258390473 0.5395136778115501 0.3814507398051245 0.540273556231003
0 0.3067484662576687 0.4939209726443769 0.2959220498015157 0.5045592705167173 0.29231324431613137 0.5212765957446809 0.2890653193792855 0.5448328267477204 0.2829303500541321 0.5752279635258358 0.2634428004330567 0.6534954407294833 0.2713821725009022 0.6808510638297872 0.2890653193792855 0.6930091185410334 0.29880909418982315 0.6869300911854104 0.3139660772284374 0.6694528875379939 0.32190544929628295 0.6443768996960486 0.32731865752435946 0.6063829787234043 0.33273186575243596 0.5927051671732523 0.3356189101407434 0.5881458966565349 0.3417538794658968 0.5721884498480243 0.34464092385420425 0.560790273556231 0.34680620714543486 0.5486322188449848 0.34536268495128114 0.5349544072948328 0.337784193431974 0.5288753799392097 0.32984482136412846 0.5189969604863222 0.32190544929628295 0.5098784194528876 0.3175748827138217 0.5030395136778115
1 0.6517502706604114 0.5417933130699089 0.6618549260194876 0.5972644376899696 0.6741248646697943 0.6405775075987842 0.6813424756405629 0.6550151975683891 0.6827859978347167 0.6664133738601824 0.6683507758931794 0.675531914893617 0.6560808372428726 0.6671732522796353 0.648141465175027 0.6595744680851063 0.6380368098159509 0.6390577507598785 0.6329844821364129 0.6155015197568389 0.6290147961024901 0.5987841945288754 0.6286539155539517 0.5881458966565349 0.6286539155539517 0.5668693009118541 0.6300974377481053 0.5577507598784195 0.634788884879105 0.5516717325227963 0.6409238542042583 0.547112462006079
1 0.3395885961746662 0.37462006079027355 0.33381450739805124 0.44224924012158057 0.34139299891735836 0.4749240121580547 0.35330205701912665 0.5015197568389058 0.3659328762179718 0.4848024316109423 0.3727896066402021 0.45288753799392095 0.3644893540238181 0.4004559270516717 0.35618910140743415 0.37462006079027355