0 0.3360027855153203 0.5704787234042553 0.3363509749303621 0.6223404255319149 0.30118384401114207 0.706781914893617 0.26253481894150416 0.7400265957446809 0.23920612813370473 0.6815159574468085 0.2614902506963788 0.6329787234042553 0.2761142061281337 0.5844414893617021 0.2907381615598886 0.5492021276595744 0.2994428969359331 0.5425531914893617 0.31824512534818944 0.5558510638297872
0 0.6253481894150418 0.32180851063829785 0.6159470752089137 0.4095744680851064 0.6086350974930362 0.4587765957446808 0.6124651810584958 0.5172872340425532 0.6357938718662952 0.5418882978723404 0.649025069637883 0.511968085106383 0.6500696378830083 0.44813829787234044 0.649025069637883 0.37632978723404253 0.6479805013927576 0.3357712765957447 0.6382311977715878 0.29986702127659576 0.6295264623955432 0.3078457446808511
0 0.7458217270194986 0.3351063829787234 0.7486072423398329 0.3849734042553192 0.7566155988857939 0.45944148936170215 0.7566155988857939 0.5006648936170213 0.746866295264624 0.526595744680851 0.7228412256267409 0.5325797872340425 0.7040389972144847 0.5305851063829787 0.692200557103064 0.49601063829787234 0.6995125348189415 0.4521276595744681 0.7022980501392758 0.3949468085106383 0.717966573816156 0.3271276595744681 0.7353760445682451 0.31981382978723405
3 0.3767409470752089 0.569813829787234 0.3610724233983287 0.5924202127659575 0.3645543175487465 0.6881648936170213 0.36142061281337046 0.7340425531914894 0.366991643454039 0.7646276595744681 0.3889275766016713 0.78125 0.4073816155988858 0.761968085106383 0.4136490250696379 0.730718085106383 0.4126044568245125 0.6835106382978723 0.40633704735376047 0.6230053191489362 0.40181058495821725 0.5824468085106383 0.39380222841225626 0.5658244680851063
1 0.6058495821727019 0.6662234042553191 0.6072423398328691 0.7347074468085106 0.6187325905292479 0.7792553191489362 0.6403203342618384 0.7632978723404256 0.6382311977715878 0.6648936170212766 0.6382311977715878 0.6163563829787234 0.641016713091922 0.5591755319148937 0.6082869080779945 0.5605053191489362 0.6044568245125348 0.6436170212765957
1 0.6563370473537604 0.35438829787234044 0.649025069637883 0.394281914893617 0.6462395543175488 0.4441489361702128 0.6448467966573816 0.48603723404255317 0.6455431754874652 0.5299202127659575 0.6629526462395543 0.543218085106383 0.6782729805013927 0.5285904255319149 0.6834958217270195 0.4621010638297872 0.6803621169916435 0.3849734042553192 0.6674791086350975 0.35305851063829785
1 0.3582869080779944 0.37699468085106386 0.3474930362116992 0.4328457446808511 0.3408774373259053 0.5039893617021277 0.3422701949860724 0.5398936170212766 0.35759052924791085 0.5538563829787234 0.37848189415041783 0.5299202127659575 0.38370473537604455 0.45944148936170215 0.38231197771587744 0.3836436170212766 0.3673398328690808 0.35904255319148937
1 0.38857938718662954 0.3410904255319149 0.38335654596100277 0.44148936170212766 0.38370473537604455 0.5372340425531915 0.39798050139275765 0.550531914893617 0.4178272980501393 0.5219414893617021 0.41991643454038996 0.48404255319148937 0.4126044568245125 0.39029255319148937 0.4032033426183844 0.3184840425531915 0.3871866295264624 0.32779255319148937
1 0.48259052924791085 0.34308510638297873 0.4756267409470752 0.45279255319148937 0.47318941504178275 0.5332446808510638 0.5066155988857939 0.5405585106382979 0.5107938718662952 0.5332446808510638 0.5118384401114207 0.42021276595744683 0.508008356545961 0.34175531914893614
1 0.4495125348189415 0.33643617021276595 0.47701949860724235 0.3384308510638298 0.4756267409470752 0.3949468085106383 0.47318941504178275 0.5079787234042553 0.4717966573816156 0.5398936170212766 0.44603064066852366 0.543218085106383 0.4453342618384401 0.4920212765957447 0.44463788300835655 0.41356382978723405
1 0.596100278551532 0.31050531914893614 0.5793871866295265 0.4228723404255319 0.5772980501392758 0.48936170212765956 0.58008356545961 0.5332446808510638 0.6075905292479109 0.5319148936170213 0.6124651810584958 0.4973404255319149 0.6110724233983287 0.4401595744680851 0.620125348189415 0.3025265957446808 0.6204735376044568 0.2872340425531915 0.6016713091922006 0.28257978723404253