0 0.36690283400809715 0.3176229508196721 0.36285425101214575 0.35450819672131145 0.3547570850202429 0.41188524590163933 0.3547570850202429 0.4713114754098361 0.35020242914979755 0.4948770491803279 0.36791497975708504 0.507172131147541 0.3810728744939271 0.48258196721311475 0.3881578947368421 0.44364754098360654 0.3881578947368421 0.35655737704918034 0.37803643724696356 0.28688524590163933
0 0.33299595141700405 0.2797131147540984 0.3274291497975709 0.319672131147541 0.3117408906882591 0.42520491803278687 0.3076923076923077 0.45594262295081966 0.3147773279352227 0.48975409836065575 0.33704453441295545 0.48770491803278687 0.3456477732793522 0.48975409836065575 0.35728744939271256 0.47950819672131145 0.3547570850202429 0.4016393442622951 0.35779352226720645 0.32889344262295084 0.3567813765182186 0.29405737704918034
0 0.28643724696356276 0.29713114754098363 0.2839068825910931 0.35758196721311475 0.2727732793522267 0.39959016393442626 0.26366396761133604 0.44774590163934425 0.2798582995951417 0.4723360655737705 0.30718623481781376 0.48258196721311475 0.3173076923076923 0.44364754098360654 0.319331983805668 0.375 0.3248987854251012 0.33299180327868855 0.31376518218623484 0.28688524590163933 0.3016194331983806 0.27459016393442626
0 0.5197368421052632 0.4723360655737705 0.520242914979757 0.5379098360655737 0.5409919028340081 0.5409836065573771 0.5480769230769231 0.5297131147540983 0.5480769230769231 0.48770491803278687 0.5465587044534413 0.42520491803278687 0.5323886639676113 0.30020491803278687 0.5126518218623481 0.3104508196721312
0 0.645748987854251 0.29815573770491804 0.6472672064777328 0.3514344262295082 0.65334008097166 0.4057377049180328 0.6568825910931174 0.45901639344262296 0.666497975708502 0.47848360655737704 0.6842105263157895 0.4733606557377049 0.694838056680162 0.4569672131147541 0.7029352226720648 0.44774590163934425 0.6983805668016194 0.38831967213114754 0.6867408906882592 0.3719262295081967 0.6649797570850202 0.27459016393442626
0 0.5708502024291497 0.6198770491803278 0.5612348178137652 0.5819672131147541 0.5546558704453441 0.5471311475409836 0.562753036437247 0.5307377049180327 0.5875506072874493 0.5317622950819673 0.597165991902834 0.5379098360655737 0.604757085020243 0.5655737704918032 0.6224696356275303 0.7315573770491803 0.604757085020243 0.7469262295081968
0 0.6067813765182186 0.5952868852459017 0.5996963562753036 0.5778688524590164 0.5910931174089069 0.5409836065573771 0.5941295546558705 0.514344262295082 0.6143724696356275 0.5174180327868853 0.6305668016194332 0.5 0.6513157894736842 0.5194672131147541 0.6553643724696356 0.5389344262295082 0.6624493927125507 0.5942622950819673 0.680668016194332 0.7131147540983607 0.6401821862348178 0.7254098360655737 0.6204453441295547 0.6977459016393442 0.611336032388664 0.6618852459016393
0 0.6543522267206477 0.576844262295082 0.6467611336032388 0.5512295081967213 0.6432186234817814 0.5307377049180327 0.6432186234817814 0.5122950819672131 0.6518218623481782 0.5020491803278688 0.6619433198380567 0.5020491803278688 0.673582995951417 0.48770491803278687 0.6837044534412956 0.48463114754098363 0.694838056680162 0.5379098360655737 0.6983805668016194 0.5635245901639344 0.7201417004048583 0.6721311475409836 0.6907894736842105 0.6977459016393442 0.6685222672064778 0.6424180327868853 0.6644736842105263 0.6168032786885246 0.6578947368421053 0.5901639344262295
2 0.694331983805668 0.5512295081967213 0.6826923076923077 0.5061475409836066 0.6897773279352226 0.48360655737704916 0.7120445344129555 0.4713114754098361 0.7231781376518218 0.4692622950819672 0.7393724696356275 0.47848360655737704 0.7449392712550608 0.4989754098360656 0.7419028340080972 0.5348360655737705 0.7494939271255061 0.6454918032786885 0.7241902834008097 0.6547131147540983 0.701417004048583 0.6168032786885246 0.6958502024291497 0.5809426229508197
0 0.28289473684210525 0.6782786885245902 0.2980769230769231 0.639344262295082 0.31123481781376516 0.6045081967213115 0.3168016194331984 0.5840163934426229 0.3188259109311741 0.5543032786885246 0.3188259109311741 0.5348360655737705 0.32388663967611336 0.5184426229508197 0.3562753036437247 0.5215163934426229 0.37449392712550605 0.5286885245901639 0.36639676113360325 0.5686475409836066 0.36082995951417 0.6086065573770492 0.3481781376518219 0.6834016393442623 0.319331983805668 0.75
0 0.24392712550607287 0.6690573770491803 0.2565789473684211 0.5993852459016393 0.2687246963562753 0.555327868852459 0.27125506072874495 0.5389344262295082 0.2732793522267207 0.5133196721311475 0.2813765182186235 0.4979508196721312 0.291497975708502 0.48975409836065575 0.3188259109311741 0.5020491803278688 0.32793522267206476 0.5092213114754098 0.31275303643724695 0.5665983606557377 0.28441295546558704 0.701844262295082