2 0.2772511848341232 0.5455927051671733 0.25016926201760326 0.5600303951367781 0.25050778605280977 0.5972644376899696 0.2626946513202437 0.6633738601823708 0.2874069058903182 0.682370820668693 0.3222748815165877 0.6990881458966566 0.3375084631008802 0.6778115501519757 0.3361543669600542 0.5782674772036475 0.3155044008124577 0.5501519756838906
2 0.7092078537576167 0.5478723404255319 0.7501692620176033 0.5699088145896657 0.7569397427217333 0.6337386018237082 0.7484766418415707 0.6664133738601824 0.7034529451591063 0.6914893617021277 0.6872037914691943 0.6694528875379939 0.6851726472579553 0.6147416413373861 0.6872037914691943 0.5668693009118541 0.7044685172647258 0.5478723404255319
3 0.4928909952606635 0.5987841945288754 0.510155721056195 0.5972644376899696 0.5111712931618145 0.6565349544072948 0.510155721056195 0.7241641337386018 0.52031144211239 0.7720364741641338 0.5280974949221394 0.8031914893617021 0.520988490182803 0.824468085106383 0.5 0.8138297872340425 0.4962762356127285 0.7993920972644377 0.4962762356127285 0.7758358662613982 0.4928909952606635 0.7530395136778115 0.49255247122545703 0.6930091185410334 0.489844278943805 0.6177811550151976
0 0.5633039945836155 0.6261398176291794 0.5788761002031144 0.5980243161094225 0.5910629654705484 0.6025835866261399 0.5907244414353419 0.6436170212765957 0.5880162491536899 0.7074468085106383 0.5988490182802979 0.8001519756838906 0.5751523358158429 0.8092705167173252 0.569735951252539 0.7454407294832827 0.5656736628300609 0.6770516717325228 0.5622884224779959 0.64209726443769
3 0.3784698713608666 0.5843465045592705 0.37068381855111715 0.6048632218844985 0.36831415030467163 0.6709726443768997 0.35477318889641163 0.7196048632218845 0.33987813134732564 0.7575987841945289 0.34157075152335814 0.7819148936170213 0.37880839539607314 0.7940729483282675 0.3974272173324306 0.7598784194528876 0.41062965470548407 0.6998480243161094 0.4228165199729181 0.6641337386018237 0.4333107650643196 0.621580547112462 0.42044685172647256 0.6003039513677811 0.4001354096140826 0.5851063829787234
0 0.6150981719702099 0.41641337386018235 0.6194989844278944 0.4946808510638298 0.6262694651320244 0.5554711246200608 0.6364251861882194 0.5737082066869301 0.6567366283006093 0.5547112462006079 0.6696005416384563 0.5227963525835866 0.6550440081245769 0.4734042553191489 0.6333784698713608 0.40197568389057753 0.6299932295192958 0.3655015197568389 0.6161137440758294 0.3655015197568389 0.6134055517941774 0.3890577507598784
0 0.5995260663507109 0.621580547112462 0.6100203114421124 0.6717325227963525 0.6222071767095464 0.7613981762917933 0.6408259986459038 0.8001519756838906 0.6685849695328369 0.7743161094224924 0.6736628300609343 0.7553191489361702 0.6574136763710223 0.6800911854103343 0.6503046716316858 0.64209726443769 0.6543669600541638 0.6063829787234043 0.6445497630331753 0.574468085106383 0.6150981719702099 0.581306990881459 0.6008801624915369 0.5972644376899696
0 0.6387948544346649 0.5835866261398176 0.6445497630331753 0.6337386018237082 0.6547054840893703 0.6838905775075987 0.6750169262017603 0.743920972644377 0.6892349356804333 0.75 0.7027758970886933 0.743920972644377 0.6960054163845633 0.6709726443768997 0.6916046039268788 0.5927051671732523 0.6824644549763034 0.5425531914893617 0.6543669600541638 0.5577507598784195
2 0.36899119837508465 0.479483282674772 0.35308056872037913 0.5227963525835866 0.33209207853757616 0.5 0.3276912660798917 0.44984802431610943 0.35815842924847663 0.39285714285714285 0.3852403520649966 0.3761398176291793 0.3930264048747461 0.4004559270516717 0.3815165876777251 0.4430091185410334
2 0.6689234935680434 0.5197568389057751 0.6496276235612729 0.4787234042553192 0.6306702775897088 0.42021276595744683 0.6269465132024373 0.3860182370820669 0.6398104265402843 0.36854103343465044 0.6570751523358158 0.38753799392097266 0.6905890318212593 0.46048632218844987 0.6807718348002708 0.5098784194528876
3 0.49085985104942453 0.6048632218844985 0.4949221394719025 0.7689969604863222 0.497291807718348 0.8016717325227963 0.4867975626269465 0.8123100303951368 0.478334461746784 0.8001519756838906 0.4779959377115775 0.7697568389057751 0.47765741367637105 0.6930091185410334 0.4732566012186865 0.6033434650455927