0 0.29453441295546556 0.33094262295081966 0.3016194331983806 0.4067622950819672 0.29605263157894735 0.444672131147541 0.29453441295546556 0.4661885245901639 0.29200404858299595 0.48770491803278687 0.29706477732793524 0.5061475409836066 0.3132591093117409 0.5194672131147541 0.3208502024291498 0.5204918032786885 0.3314777327935223 0.5163934426229508 0.33704453441295545 0.5040983606557377 0.3410931174089069 0.4764344262295082 0.3415991902834008 0.35348360655737704 0.333502024291498 0.3176229508196721
0 0.2646761133603239 0.30635245901639346 0.2616396761133603 0.38831967213114754 0.25050607287449395 0.4262295081967213 0.24645748987854252 0.4456967213114754 0.25050607287449395 0.4692622950819672 0.2555668016194332 0.48155737704918034 0.26568825910931176 0.4918032786885246 0.2768218623481781 0.4969262295081967 0.2859311740890688 0.4959016393442623 0.29200404858299595 0.48463114754098363 0.29706477732793524 0.4405737704918033 0.3001012145748988 0.382172131147541 0.29706477732793524 0.3104508196721312
0 0.5733805668016194 0.3206967213114754 0.5723684210526315 0.43135245901639346 0.569838056680162 0.4487704918032787 0.5673076923076923 0.4569672131147541 0.5662955465587044 0.4661885245901639 0.5662955465587044 0.48360655737704916 0.5673076923076923 0.5 0.5708502024291497 0.5092213114754098 0.576417004048583 0.5204918032786885 0.583502024291498 0.5297131147540983 0.5895748987854251 0.5338114754098361 0.5951417004048583 0.5327868852459017 0.5991902834008097 0.5256147540983607 0.6032388663967612 0.5153688524590164 0.6032388663967612 0.4979508196721312 0.6007085020242915 0.48463114754098363 0.597165991902834 0.4682377049180328 0.5941295546558705 0.3125
0 0.597165991902834 0.32479508196721313 0.5956477732793523 0.45286885245901637 0.5961538461538461 0.4651639344262295 0.5961538461538461 0.4774590163934426 0.597165991902834 0.4887295081967213 0.6002024291497976 0.5030737704918032 0.6077935222672065 0.5153688524590164 0.6148785425101214 0.5245901639344263 0.6275303643724697 0.5153688524590164 0.6305668016194332 0.5 0.6295546558704453 0.48565573770491804 0.625 0.4661885245901639 0.6219635627530364 0.430327868852459 0.6133603238866396 0.319672131147541
0 0.6169028340080972 0.32581967213114754 0.6255060728744939 0.4672131147540984 0.6290485829959515 0.48258196721311475 0.631578947368421 0.4959016393442623 0.6366396761133604 0.5051229508196722 0.6442307692307693 0.5112704918032787 0.6594129554655871 0.507172131147541 0.6690283400809717 0.5020491803278688 0.6761133603238867 0.48360655737704916 0.6756072874493927 0.4569672131147541 0.6705465587044535 0.4385245901639344 0.6649797570850202 0.4098360655737705 0.6680161943319838 0.36577868852459017 0.6680161943319838 0.3319672131147541 0.6411943319838057 0.3104508196721312
1 0.6659919028340081 0.3155737704918033 0.6584008097165992 0.36168032786885246 0.666497975708502 0.42110655737704916 0.6771255060728745 0.4774590163934426 0.6983805668016194 0.45799180327868855 0.7009109311740891 0.42213114754098363 0.6958502024291497 0.39651639344262296 0.6928137651821862 0.3719262295081967 0.6938259109311741 0.3514344262295082 0.6923076923076923 0.33094262295081966 0.6897773279352226 0.3165983606557377 0.673582995951417 0.3114754098360656
0 0.6938259109311741 0.3125 0.6928137651821862 0.367827868852459 0.6923076923076923 0.38831967213114754 0.6953441295546559 0.39959016393442626 0.6978744939271255 0.41290983606557374 0.6998987854251012 0.4293032786885246 0.6998987854251012 0.4415983606557377 0.7004048582995951 0.4600409836065574 0.708502024291498 0.47438524590163933 0.7165991902834008 0.4764344262295082 0.7257085020242915 0.4682377049180328 0.7343117408906883 0.45286885245901637 0.7413967611336032 0.4364754098360656 0.7444331983805668 0.41905737704918034 0.7444331983805668 0.4047131147540984 0.7353238866396761 0.38114754098360654 0.7282388663967612 0.35655737704918034 0.7226720647773279 0.33299180327868855 0.7206477732793523 0.3114754098360656 0.7130566801619433 0.3084016393442623
0 0.4984817813765182 0.5727459016393442 0.49898785425101216 0.5983606557377049 0.5010121457489879 0.7551229508196722 0.5121457489878543 0.7530737704918032 0.5197368421052632 0.6424180327868853 0.5217611336032388 0.5686475409836066
0 0.569331983805668 0.5635245901639344 0.5794534412955465 0.5584016393442623 0.5860323886639676 0.5706967213114754 0.5895748987854251 0.5809426229508197 0.5895748987854251 0.5952868852459017 0.5890688259109311 0.6086065573770492 0.6108299595141701 0.7715163934426229 0.582995951417004 0.7971311475409836 0.5708502024291497 0.7090163934426229 0.569838056680162 0.6526639344262295 0.569331983805668 0.625 0.5647773279352226 0.6055327868852459 0.5607287449392713 0.5901639344262295 0.5617408906882592 0.5737704918032787 0.5652834008097166 0.5645491803278688
0 0.6002024291497976 0.5563524590163934 0.590080971659919 0.5645491803278688 0.5875506072874493 0.5727459016393442 0.5870445344129555 0.5829918032786885 0.5885627530364372 0.5932377049180327 0.5895748987854251 0.6065573770491803 0.5895748987854251 0.6209016393442623 0.618421052631579 0.7725409836065574 0.6503036437246964 0.7397540983606558 0.6244939271255061 0.5983606557377049 0.6234817813765182 0.5799180327868853 0.6204453441295547 0.5686475409836066 0.618421052631579 0.5604508196721312 0.6108299595141701 0.5522540983606558
0 0.44534412955465585 0.5686475409836066 0.45293522267206476 0.6096311475409836 0.4559716599190283 0.6239754098360656 0.4559716599190283 0.632172131147541 0.45546558704453444 0.6413934426229508 0.4159919028340081 0.7930327868852459 0.3977732793522267 0.7674180327868853 0.4124493927125506 0.6915983606557377 0.4251012145748988 0.6219262295081968 0.430668016194332 0.6014344262295082 0.43218623481781376 0.5870901639344263 0.4326923076923077 0.5747950819672131 0.4357287449392713 0.5706967213114754
0 0.395748987854251 0.5635245901639344 0.4023279352226721 0.576844262295082 0.4023279352226721 0.5829918032786885 0.4023279352226721 0.5911885245901639 0.4008097165991903 0.5983606557377049 0.3977732793522267 0.6055327868852459 0.37550607287449395 0.7448770491803278 0.3476720647773279 0.7622950819672131 0.3375506072874494 0.7540983606557377 0.3390688259109312 0.7264344262295082 0.35020242914979755 0.6680327868852459 0.36285425101214575 0.5911885245901639 0.3648785425101215 0.5717213114754098 0.3684210526315789 0.5573770491803278 0.37398785425101216 0.5532786885245902 0.38208502024291496 0.5584016393442623
3 0.3562753036437247 0.5461065573770492 0.36538461538461536 0.5502049180327869 0.3658906882591093 0.5635245901639344 0.3643724696356275 0.5737704918032787 0.36285425101214575 0.5942622950819673 0.3183198380566802 0.7715163934426229 0.26619433198380565 0.7110655737704918 0.2859311740890688 0.6413934426229508 0.31224696356275305 0.5911885245901639 0.31781376518218624 0.5665983606557377 0.32034412955465585 0.5430327868852459 0.3284412955465587 0.5348360655737705 0.3360323886639676 0.5399590163934426 0.3466599190283401 0.5440573770491803
0 0.28036437246963564 0.5081967213114754 0.27530364372469635 0.5266393442622951 0.2682186234817814 0.5604508196721312 0.22469635627530365 0.6741803278688525 0.2575910931174089 0.7049180327868853 0.305668016194332 0.6024590163934426 0.3168016194331984 0.576844262295082 0.319331983805668 0.5604508196721312 0.32135627530364375 0.5440573770491803 0.3157894736842105 0.5327868852459017 0.3092105263157895 0.5245901639344263 0.3001012145748988 0.5153688524590164 0.29554655870445345 0.5112704918032787 0.2874493927125506 0.507172131147541
1 0.33856275303643724 0.5307377049180327 0.32186234817813764 0.5307377049180327 0.31629554655870445 0.5512295081967213 0.30111336032388664 0.6096311475409836 0.2722672064777328 0.680327868852459 0.2773279352226721 0.7110655737704918 0.298582995951417 0.7254098360655737 0.3168016194331984 0.7264344262295082 0.3309716599190283 0.7202868852459017 0.3436234817813765 0.6752049180327869 0.3532388663967611 0.6260245901639344 0.3674089068825911 0.5829918032786885 0.3709514170040486 0.5450819672131147 0.3410931174089069 0.5440573770491803