2 0.2395543175487465 0.5438829787234043 0.23990250696378831 0.6003989361702128 0.25591922005571033 0.65625 0.26636490250696376 0.694813829787234 0.2837743732590529 0.694813829787234 0.3071030640668524 0.6835106382978723 0.3102367688022284 0.5930851063829787 0.30745125348189417 0.5478723404255319 0.29143454038997213 0.5405585106382979 0.27959610027855153 0.543218085106383 0.25348189415041783 0.5425531914893617
1 0.35724233983286907 0.5525265957446809 0.35619777158774374 0.6003989361702128 0.3488857938718663 0.6502659574468085 0.3426183844011142 0.7034574468085106 0.34331476323119775 0.7293882978723404 0.3659470752089137 0.7393617021276596 0.38091922005571033 0.7293882978723404 0.39275766016713093 0.6821808510638298 0.4032033426183844 0.6216755319148937 0.4129526462395543 0.5824468085106383 0.40947075208913647 0.5525265957446809 0.37151810584958217 0.5458776595744681
0 0.5988857938718662 0.5844414893617021 0.6065459610027855 0.6143617021276596 0.6162952646239555 0.7200797872340425 0.6263927576601671 0.7446808510638298 0.6427576601671309 0.7400265957446809 0.6399721448467967 0.6768617021276596 0.6406685236768802 0.5950797872340425 0.6344011142061281 0.5452127659574468 0.6145543175487466 0.5465425531914894 0.6006267409470752 0.5485372340425532
0 0.6232590529247911 0.5704787234042553 0.6361420612813371 0.6269946808510638 0.6462395543175488 0.6808510638297872 0.6639972144846796 0.7367021276595744 0.7019498607242339 0.7240691489361702 0.6928969359331476 0.6728723404255319 0.6848885793871866 0.6003989361702128 0.689066852367688 0.5658244680851063 0.6821030640668524 0.5425531914893617 0.6549442896935933 0.5418882978723404 0.628133704735376 0.5425531914893617
0 0.6838440111420613 0.5498670212765957 0.6761838440111421 0.5658244680851063 0.674791086350975 0.5877659574468085 0.6821030640668524 0.6117021276595744 0.7151810584958217 0.7333776595744681 0.7405988857938719 0.7327127659574468 0.7479108635097493 0.7127659574468085 0.7472144846796658 0.6389627659574468 0.7405988857938719 0.581781914893617 0.7346796657381616 0.5405585106382979 0.7197075208913649 0.5285904255319149 0.6956824512534819 0.535904255319149
2 0.7360724233983287 0.5372340425531915 0.729108635097493 0.5618351063829787 0.737116991643454 0.6030585106382979 0.746866295264624 0.6768617021276596 0.7621866295264624 0.694813829787234 0.786908077994429 0.6928191489361702 0.790041782729805 0.6236702127659575 0.8060584958217271 0.5897606382978723 0.810933147632312 0.5531914893617021 0.7977019498607242 0.5325797872340425 0.7656685236768802 0.5279255319148937 0.7416434540389972 0.5279255319148937
0 0.7701949860724234 0.3636968085106383 0.79491643454039 0.4714095744680851 0.7883008356545961 0.5099734042553191 0.7761142061281338 0.5378989361702128 0.7545264623955432 0.5412234042553191 0.7430362116991643 0.5086436170212766 0.7322423398328691 0.4288563829787234 0.7357242339832869 0.36236702127659576
0 0.6911559888579387 0.3550531914893617 0.6758356545961003 0.3783244680851064 0.6643454038997214 0.43949468085106386 0.6545961002785515 0.5186170212765957 0.6584261838440112 0.5518617021276596 0.6821030640668524 0.5585106382978723 0.700208913649025 0.5478723404255319 0.7089136490250696 0.5272606382978723 0.7116991643454039 0.4747340425531915 0.7155292479108635 0.4162234042553192 0.7165738161559888 0.3703457446808511 0.7116991643454039 0.3537234042553192
3 0.6347493036211699 0.3976063829787234 0.6253481894150418 0.38430851063829785 0.6142061281337048 0.32978723404255317 0.6138579387186629 0.29654255319148937 0.6532033426183844 0.29388297872340424 0.6765320334261838 0.3078457446808511 0.6894150417827298 0.34441489361702127 0.6904596100278552 0.3703457446808511 0.6814066852367688 0.39228723404255317 0.6626044568245125 0.3982712765957447 0.6629526462395543 0.4521276595744681 0.6643454038997214 0.5053191489361702 0.6643454038997214 0.5378989361702128 0.6417130919220055 0.5465425531914894 0.6256963788300836 0.5365691489361702 0.6232590529247911 0.5179521276595744 0.6326601671309192 0.4521276595744681 0.6340529247910863 0.40425531914893614
1 0.30362116991643456 0.39694148936170215 0.2945682451253482 0.48603723404255317 0.2879526462395543 0.5259308510638298 0.2966573816155989 0.5438829787234043 0.3126740947075209 0.5585106382978723 0.33774373259052926 0.538563829787234 0.33913649025069637 0.5026595744680851 0.334958217270195 0.4401595744680851 0.32346796657381616 0.3617021276595745 0.2966573816155989 0.37632978723404253
0 0.3729108635097493 0.38430851063829785 0.37813370473537605 0.47606382978723405 0.37848189415041783 0.5319148936170213 0.38997214484679665 0.5525265957446809 0.4087743732590529 0.5518617021276596 0.4167827298050139 0.5226063829787234 0.40668523676880225 0.47007978723404253 0.4035515320334262 0.39361702127659576 0.39623955431754876 0.3503989361702128 0.37952646239554316 0.35106382978723405
0 0.3673398328690808 0.38563829787234044 0.37569637883008355 0.4434840425531915 0.3791782729805014 0.48470744680851063 0.3864902506963788 0.5086436170212766 0.38823119777158777 0.5398936170212766 0.37047353760445684 0.5472074468085106 0.3467966573816156 0.5558510638297872 0.33565459610027853 0.5465425531914894 0.3293871866295265 0.5226063829787234 0.334958217270195 0.46742021276595747 0.32903899721448465 0.4089095744680851 0.32520891364902504 0.3696808510638298 0.3447075208913649 0.3670212765957447