1 0.25259156876295785 0.39969604863221886 0.2615756738078784 0.46200607902735563 0.2615756738078784 0.5364741641337386 0.26917760884588804 0.5668693009118541 0.28887353144436767 0.567629179331307 0.30822391154111956 0.5531914893617021 0.31098825155494125 0.5098784194528876 0.3047684865238424 0.42857142857142855 0.2957843814789219 0.36854103343465044 0.27194194885970974 0.35638297872340424 0.2588113337940567 0.35790273556231
1 0.7411886662059434 0.5721884498480243 0.7553559087767795 0.6094224924012158 0.7778161713890809 0.6595744680851063 0.7643400138217 0.7386018237082067 0.7404975812024879 0.7386018237082067 0.6997235659986178 0.6671732522796353 0.6814098134070491 0.6246200607902735 0.7121630960608155 0.5759878419452887 0.7311679336558397 0.5752279635258358
1 0.6361437456807187 0.36246200607902734 0.6361437456807187 0.48632218844984804 0.6316516931582584 0.5357142857142857 0.612992398064962 0.5364741641337386 0.6002073255010366 0.5159574468085106 0.6053904630269523 0.46200607902735563 0.6147201105736005 0.3404255319148936 0.6243953006219765 0.3252279635258359 0.6326883206634416 0.33282674772036475
0 0.5466482377332412 0.3495440729483283 0.5473393227366966 0.41413373860182373 0.5518313752591569 0.48936170212765956 0.5469937802349689 0.5425531914893617 0.5228058051140291 0.5417933130699089 0.5224602626123013 0.513677811550152 0.5221147201105736 0.4194528875379939 0.5286800276434002 0.34574468085106386 0.5369730476848652 0.3305471124620061 0.545611610228058 0.3373860182370821
1 0.2985487214927436 0.4012158054711246 0.30580511402902555 0.48936170212765956 0.30822391154111956 0.5129179331306991 0.3013130615065653 0.5478723404255319 0.31237042156185213 0.5767477203647416 0.331720801658604 0.5775075987841946 0.35210780926053903 0.547112462006079 0.35141672425708365 0.4908814589665654 0.3496890117484451 0.4399696048632219 0.34070490670352455 0.38753799392097266 0.3313752591568763 0.3586626139817629 0.30822391154111956 0.35714285714285715 0.30027643400138215 0.3776595744680851
1 0.338977194194886 0.38145896656534956 0.3469246717346234 0.45440729483282677 0.34657912923289563 0.5585106382978723 0.3604008293020041 0.5615501519756839 0.3863165169315826 0.53419452887538 0.3766413268832066 0.4551671732522796 0.3659295093296476 0.39285714285714285 0.35141672425708365 0.35030395136778114 0.33794056668970285 0.35030395136778114 0.3344851416724257 0.3609422492401216
1 0.5881133379405666 0.33966565349544076 0.580511402902557 0.48024316109422494 0.585348997926745 0.4992401215805471 0.6012439530062198 0.49848024316109424 0.6046993780234969 0.4946808510638298 0.6109191430545957 0.46048632218844987 0.6109191430545957 0.4133738601823708 0.610573600552868 0.34194528875379937 0.60573600552868 0.31458966565349544 0.5957152729785764 0.30243161094224924 0.5905321354526607 0.31762917933130697
1 0.6803731859018659 0.4004559270516717 0.6769177608845888 0.4696048632218845 0.6769177608845888 0.5554711246200608 0.6814098134070491 0.5820668693009119 0.6941948859709745 0.5835866261398176 0.7145818935729095 0.5668693009118541 0.7214927436074637 0.5516717325227963 0.7246026261230132 0.506838905775076 0.7194194885970975 0.4756838905775076 0.7194194885970975 0.42401215805471126 0.7239115411195577 0.3776595744680851 0.7024879060124395 0.3700607902735562 0.6890117484450587 0.3829787234042553
1 0.7173462335867312 0.385258358662614 0.7121630960608155 0.4635258358662614 0.7121630960608155 0.5129179331306991 0.7159640635798203 0.5668693009118541 0.7280580511402902 0.5790273556231003 0.7501727712508639 0.5668693009118541 0.7615756738078784 0.5372340425531915 0.7519004837595025 0.45972644376899696 0.7474084312370421 0.4027355623100304 0.743953006219765 0.36246200607902734 0.7304768486523843 0.3617021276595745 0.7228749136143746 0.364741641337386
0 0.3728403593642018 0.5752279635258358 0.3876986869384934 0.5661094224924013 0.4063579820317899 0.5790273556231003 0.40843123704215617 0.6056231003039514 0.4004837595024188 0.7287234042553191 0.4025570145127851 0.7940729483282675 0.3890808569454043 0.8062310030395137 0.3807878369039392 0.7788753799392097 0.3738769868693849 0.71580547112462 0.3704215618521078 0.6375379939209727 0.36800276434001383 0.5942249240121581
0 0.28783690393918454 0.5972644376899696 0.27574291637871456 0.6945288753799392 0.26053904630269525 0.7758358662613982 0.27194194885970974 0.7948328267477204 0.3044229440221147 0.7948328267477204 0.3289564616447823 0.7591185410334347 0.33310297166551484 0.6808510638297872 0.3445058742225294 0.6306990881458967 0.34346924671734624 0.5911854103343465 0.3265376641326883 0.5851063829787234 0.3116793365583967 0.581306990881459 0.2964754664823773 0.5790273556231003