0 0.5975930801053028 0.38677811550151975 0.5893192929672809 0.5189969604863222 0.5844302369311771 0.5493920972644377 0.5829259119969914 0.5919452887537994 0.591951861602106 0.6101823708206687 0.5983452425723956 0.6185410334346505 0.6069951109439639 0.6261398176291794 0.6201579541180895 0.6382978723404256 0.6288078224896577 0.6299392097264438 0.6269274163219255 0.6025835866261399 0.6242948476871004 0.5737082066869301 0.6227905227529146 0.5455927051671733 0.6216622790522753 0.5182370820668692 0.6186536291839038 0.3829787234042553
0 0.620534035351636 0.3723404255319149 0.6216622790522753 0.5455927051671733 0.6179014667168108 0.5577507598784195 0.6167732230161715 0.5668693009118541 0.6190297104174501 0.5820668693009119 0.6209101165851824 0.5942249240121581 0.6250470101541933 0.60790273556231 0.6295599849567507 0.6200607902735562 0.6352012034599474 0.6231003039513677 0.641594584430237 0.6238601823708206 0.6502444528018052 0.6155015197568389 0.6555095900714555 0.6041033434650456 0.6547574276043625 0.5866261398176292 0.6536291839037232 0.567629179331307 0.6468597216998871 0.3662613981762918
1 0.6547574276043625 0.3670212765957447 0.6540052651372696 0.5174772036474165 0.6521248589695374 0.5379939209726444 0.6517487777359909 0.5554711246200608 0.6498683715682587 0.5820668693009119 0.6596464836404663 0.5987841945288754 0.6698006769462204 0.6056231003039514 0.6871004136893569 0.601063829787234 0.7070327190673186 0.5805471124620061 0.7089131252350508 0.5585106382978723 0.7013915005641218 0.5258358662613982 0.6931177134261001 0.5007598784194529 0.6904851447912749 0.4627659574468085 0.6882286573899963 0.4369300911854103 0.6837156825874389 0.4148936170212766 0.6803309514855209 0.39209726443769 0.6746897329823242 0.3761398176291793
0 0.6784505453177886 0.3617021276595745 0.6825874388867995 0.41413373860182373 0.6904851447912749 0.45440729483282677 0.6916133884919142 0.5007598784194529 0.6957502820609252 0.5144376899696048 0.7055283941331327 0.5258358662613982 0.7164347499059797 0.5250759878419453 0.7303497555471982 0.5037993920972644 0.7367431365174878 0.4848024316109423 0.7393757051523129 0.45364741641337386 0.7307258367807447 0.42629179331306993 0.7209477247085371 0.4065349544072948 0.7092892064685972 0.36930091185410335 0.7028958254983076 0.3465045592705167
1 0.3098909364422715 0.40197568389057753 0.3065062053403535 0.4886018237082067 0.3031214742384355 0.5159574468085106 0.2997367431365175 0.5364741641337386 0.2940955246333208 0.5539513677811551 0.2910868747649492 0.5706686930091185 0.2907107935314028 0.5858662613981763 0.2963520120345995 0.6003039513677811 0.3050018804061677 0.60790273556231 0.31590823617901465 0.6124620060790273 0.3253102670176758 0.6155015197568389 0.3309514855208725 0.6162613981762918 0.3396013538924408 0.6063829787234043 0.34449040992854457 0.5866261398176292 0.3433621662279052 0.5531914893617021 0.34261000376081235 0.526595744680851 0.34223392252726587 0.3951367781155015 0.32154945468221136 0.39893617021276595 0.31741256111320043 0.39969604863221886
0 0.5844302369311771 0.6360182370820668 0.571643474990598 0.6671732522796353 0.5705152312899586 0.6854103343465046 0.575028206092516 0.7066869300911854 0.5934561865362918 0.8548632218844985 0.606242948476871 0.851823708206687 0.6036103798420459 0.6975683890577508 0.6043625423091388 0.6740121580547113 0.6047386235426853 0.6664133738601824 0.6013538924407672 0.6542553191489362 0.5972169988717563 0.64209726443769 0.5900714554343738 0.6352583586626139
0 0.3275667544189545 0.621580547112462 0.3192929672809327 0.6200607902735562 0.31327566754418956 0.6314589665653495 0.31252350507709664 0.6496960486322189 0.3117713426100038 0.6694528875379939 0.3083866115080858 0.6907294832826748 0.3031214742384355 0.7142857142857143 0.2737871380218127 0.8259878419452887 0.3211733734486649 0.8639817629179332 0.35652500940203086 0.743920972644377 0.3621662279052275 0.7013677811550152 0.3644227153065062 0.6884498480243161 0.365927040240692 0.675531914893617 0.3678074464084242 0.6664133738601824 0.36818352764197065 0.6550151975683891 0.3685596088755171 0.6451367781155015 0.36818352764197065 0.6352583586626139 0.36667920270778487 0.6314589665653495 0.3606619029710417 0.6299392097264438 0.35426852200075215 0.6306990881458967 0.34937946596464836 0.6337386018237082 0.34449040992854457 0.6291793313069909 0.341481760060173 0.6223404255319149 0.33772094772470856 0.6185410334346505 0.3324558104550583 0.621580547112462
2 0.2264009025949605 0.5759878419452887 0.20496427228281308 0.5889057750759878 0.19631440391124483 0.6003039513677811 0.18766453553967657 0.6261398176291794 0.18427980443775854 0.6618541033434651 0.19706656637833772 0.7112462006079028 0.212485896953742 0.7241641337386018 0.22940955246333208 0.7211246200607903 0.2384355020684468 0.7082066869300911 0.2467092892064686 0.689209726443769 0.24858969537420084 0.6641337386018237 0.24934185784129373 0.6382978723404256 0.24144415193681834 0.6056231003039514 0.2327942835652501 0.5843465045592705
2 0.24708537044001505 0.29559270516717323 0.21925535915757804 0.39893617021276595 0.24746145167356148 0.45288753799392095 0.268145919518616 0.44756838905775076 0.2877021436630312 0.4004559270516717 0.3050018804061677 0.34802431610942247
2 0.6957502820609252 0.3191489361702128 0.7134261000376081 0.3958966565349544 0.7277171869123731 0.42857142857142855 0.7660774727341105 0.39969604863221886 0.759684091763821 0.3161094224924012 0.7363670552839413 0.2811550151975684
2 0.7431365174877773 0.5539513677811551 0.7303497555471982 0.6314589665653495 0.7367431365174878 0.6565349544072948 0.7450169236555096 0.6747720364741642 0.7672057164347499 0.6937689969604863 0.7905227529146296 0.6998480243161094 0.8048138397893945 0.6360182370820668 0.7871380218127115 0.5790273556231003 0.7694622038360286 0.547112462006079 0.7547950357277172 0.5463525835866262