0 0.45432357043235705 0.3583776595744681 0.45536959553695955 0.43617021276595747 0.45467224546722457 0.5132978723404256 0.45467224546722457 0.5591755319148937 0.48535564853556484 0.5591755319148937 0.48675034867503486 0.4820478723404255 0.48640167364016734 0.40226063829787234 0.4783821478382148 0.33311170212765956 0.4605997210599721 0.3304521276595745
0 0.48465829846582986 0.3497340425531915 0.48535564853556484 0.5605053191489362 0.5034867503486751 0.5664893617021277 0.5237099023709902 0.5605053191489362 0.5223152022315202 0.5006648936170213 0.5167364016736402 0.425531914893617 0.5087168758716876 0.3570478723404255 0.49860529986053 0.3357712765957447
0 0.5219665271966527 0.3523936170212766 0.5233612273361228 0.5664893617021277 0.5617154811715481 0.5531914893617021 0.5617154811715481 0.5259308510638298 0.553347280334728 0.47007978723404253 0.5432357043235704 0.3776595744680851 0.5366108786610879 0.3304521276595745 0.5282426778242678 0.3351063829787234
0 0.5620641562064156 0.3464095744680851 0.552649930264993 0.4740691489361702 0.556136680613668 0.5571808510638298 0.5669456066945606 0.5644946808510638 0.5760111576011158 0.5452127659574468 0.5815899581589958 0.5246010638297872 0.5826359832635983 0.4408244680851064 0.5833333333333334 0.37300531914893614 0.5829846582984658 0.3351063829787234 0.5749651324965133 0.32313829787234044 0.5652022315202232 0.32513297872340424
1 0.5847280334728033 0.3464095744680851 0.5819386331938633 0.4940159574468085 0.5889121338912134 0.5179521276595744 0.606694560669456 0.507313829787234 0.6091352859135286 0.44813829787234044 0.6059972105997211 0.35638297872340424 0.601115760111576 0.32513297872340424 0.5864714086471409 0.324468085106383
0 0.6080892608089261 0.3351063829787234 0.6073919107391911 0.449468085106383 0.602510460251046 0.4820478723404255 0.602510460251046 0.507313829787234 0.6115760111576011 0.519281914893617 0.6314504881450488 0.535904255319149 0.6447001394700139 0.5159574468085106 0.643305439330544 0.4554521276595745 0.6398186889818689 0.37433510638297873 0.6359832635983264 0.3204787234042553 0.6150627615062761 0.31648936170212766
0 0.7018828451882845 0.36236702127659576 0.6816596931659693 0.42486702127659576 0.6663179916317992 0.4734042553191489 0.6718967921896792 0.5019946808510638 0.6952580195258019 0.5272606382978723 0.7217573221757322 0.5212765957446809 0.7276847977684798 0.456781914893617 0.7367503486750349 0.3836436170212766 0.7381450488145049 0.3410904255319149 0.7301255230125523 0.331781914893617 0.7126917712691772 0.3324468085106383
1 0.3291492329149233 0.5844414893617021 0.3288005578800558 0.6422872340425532 0.31415620641562064 0.7207446808510638 0.3127615062761506 0.745345744680851 0.32322175732217573 0.7553191489361702 0.35355648535564854 0.7659574468085106 0.3692468619246862 0.7566489361702128 0.3776150627615063 0.6875 0.38389121338912136 0.629654255319149 0.38702928870292885 0.557845744680851 0.36052998605299863 0.5571808510638298 0.3368200836820084 0.5571808510638298
0 0.38458856345885634 0.5651595744680851 0.3793584379358438 0.5738031914893617 0.3772663877266388 0.5924202127659575 0.3817991631799163 0.6309840425531915 0.38354253835425384 0.7087765957446809 0.38563458856345884 0.7593085106382979 0.401673640167364 0.7593085106382979 0.4093444909344491 0.723404255319149 0.41283124128312415 0.6622340425531915 0.41387726638772665 0.6136968085106383 0.41736401673640167 0.5538563829787234 0.39748953974895396 0.5538563829787234
0 0.7339609483960948 0.5179521276595744 0.7601115760111576 0.5039893617021277 0.7761506276150628 0.5418882978723404 0.7932357043235704 0.5844414893617021 0.810320781032078 0.617686170212766 0.8043933054393305 0.6509308510638298 0.7869595536959554 0.6602393617021277 0.7608089260808926 0.6416223404255319 0.7360529986052998 0.5910904255319149 0.7235006973500697 0.5585106382978723 0.7276847977684798 0.5292553191489362
1 0.7350069735006973 0.363031914893617 0.7269874476987448 0.43882978723404253 0.7241980474198048 0.4720744680851064 0.7325662482566249 0.4973404255319149 0.7454672245467224 0.5033244680851063 0.7677824267782427 0.48603723404255317 0.7674337517433751 0.44148936170212766 0.7555788005578801 0.38563829787234044 0.7482566248256625 0.3304521276595745 0.7377963737796374 0.3384308510638298
0 0.6265690376569037 0.569813829787234 0.6321478382147838 0.6077127659574468 0.6359832635983264 0.6695478723404256 0.641213389121339 0.723404255319149 0.6516736401673641 0.7732712765957447 0.6645746164574616 0.7759308510638298 0.6732914923291492 0.7553191489361702 0.6705020920502092 0.7121010638297872 0.6645746164574616 0.648936170212766 0.6631799163179917 0.601063829787234 0.6656206415620641 0.5571808510638298 0.6422594142259415 0.5418882978723404 0.6255230125523012 0.5531914893617021
0 0.596931659693166 0.5684840425531915 0.6157601115760112 0.5518617021276596 0.6279637377963738 0.5678191489361702 0.6356345885634589 0.7566489361702128 0.6234309623430963 0.7805851063829787 0.6154114365411436 0.7519946808510638 0.6073919107391911 0.6901595744680851 0.601813110181311 0.6376329787234043 0.594839609483961 0.5877659574468085