0 0.3377253814147018 0.5086436170212766 0.32038834951456313 0.5219414893617021 0.3141470180305132 0.5545212765957447 0.308252427184466 0.5831117021276596 0.28259361997226073 0.6382978723404256 0.26768377253814146 0.6775265957446809 0.2871012482662968 0.7167553191489362 0.3044382801664355 0.7107712765957447 0.3314840499306519 0.6868351063829787 0.3484743411927878 0.6436170212765957 0.3592233009708738 0.6090425531914894 0.3723994452149792 0.5691489361702128 0.37690707350901526 0.5438829787234043 0.36269070735090153 0.5212765957446809 0.34951456310679613 0.5212765957446809
0 0.3869625520110957 0.5418882978723404 0.3734396671289875 0.5498670212765957 0.3647711511789182 0.5664893617021277 0.3574895977808599 0.6123670212765957 0.3408460471567268 0.6855053191489362 0.3422330097087379 0.7340425531914894 0.3567961165048544 0.7513297872340425 0.3720527045769764 0.7446808510638298 0.3841886269070735 0.6954787234042553 0.39944521497919555 0.6356382978723404 0.4067267683772538 0.5857712765957447 0.40846047156726767 0.5591755319148937 0.39805825242718446 0.5445478723404256
0 0.29750346740638 0.2992021276595745 0.29750346740638 0.35106382978723405 0.29022191400832176 0.4015957446808511 0.2801664355062413 0.4441489361702128 0.28120665742024964 0.46808510638297873 0.29403606102635227 0.48936170212765956 0.31761442441054094 0.49867021276595747 0.3290568654646325 0.48736702127659576 0.33356449375866853 0.4441489361702128 0.33737864077669905 0.39228723404255317 0.3377253814147018 0.34242021276595747 0.33183079056865467 0.29388297872340424 0.3210818307905687 0.2878989361702128 0.30721220527045767 0.2878989361702128
0 0.3526352288488211 0.29986702127659576 0.3640776699029126 0.32845744680851063 0.3723994452149792 0.37699468085106386 0.37413314840499307 0.41688829787234044 0.37552011095700416 0.4461436170212766 0.3800277392510402 0.48271276595744683 0.37413314840499307 0.5059840425531915 0.3578363384188627 0.5146276595744681 0.3352981969486824 0.5053191489361702 0.3231622746185853 0.4946808510638298 0.3207350901525659 0.45611702127659576 0.3273231622746186 0.42353723404255317 0.329750346740638 0.3829787234042553 0.329750346740638 0.32646276595744683 0.3290568654646325 0.28523936170212766 0.34535367545076284 0.28523936170212766
2 0.7690707350901526 0.45279255319148937 0.7909153952843273 0.45279255319148937 0.8176144244105409 0.4261968085106383 0.8359916782246879 0.4554521276595745 0.8425797503467406 0.5219414893617021 0.8304438280166435 0.543218085106383 0.8072122052704577 0.5598404255319149 0.7798196948682385 0.569813829787234 0.7673370319001387 0.574468085106383 0.7583217753120666 0.5525265957446809 0.7600554785020804 0.5152925531914894 0.7552011095700416 0.4720744680851064 0.7628294036061026 0.456781914893617
0 0.710124826629681 0.5 0.728502080443828 0.49601063829787234 0.742371705963939 0.48271276595744683 0.7548543689320388 0.48404255319148937 0.7617891816920943 0.5186170212765957 0.7649098474341193 0.5425531914893617 0.7725381414701803 0.5651595744680851 0.7843273231622746 0.5930851063829787 0.7902219140083218 0.632313829787234 0.7895284327323162 0.6735372340425532 0.765256588072122 0.6875 0.75 0.6622340425531915 0.736130374479889 0.6309840425531915 0.7219140083217753 0.5877659574468085 0.7149791955617198 0.5545212765957447 0.7052704576976422 0.5232712765957447
0 0.659500693481276 0.543218085106383 0.670249653259362 0.5232712765957447 0.6823855755894591 0.5292553191489362 0.6931345353675451 0.5099734042553191 0.7097780859916782 0.5186170212765957 0.7156726768377254 0.5285904255319149 0.7191400832177531 0.5571808510638298 0.7264216366158114 0.581781914893617 0.734743411927878 0.6097074468085106 0.7482662968099861 0.6429521276595744 0.7552011095700416 0.6688829787234043 0.7548543689320388 0.6961436170212766 0.7382108183079057 0.71875 0.7274618585298197 0.7200797872340425 0.713245492371706 0.7147606382978723 0.6976421636615812 0.680186170212766 0.6851595006934813 0.6529255319148937 0.6775312066574203 0.6123670212765957 0.6671289875173371 0.5877659574468085 0.6598474341192788 0.5731382978723404 0.6560332871012483 0.5465425531914894
0 0.6314147018030514 0.569813829787234 0.6449375866851595 0.5478723404255319 0.659500693481276 0.555186170212766 0.6667822468793343 0.5638297872340425 0.6709431345353676 0.5877659574468085 0.6751040221914009 0.6170212765957447 0.6848127600554785 0.65625 0.6931345353675451 0.6961436170212766 0.6986823855755895 0.7247340425531915 0.6882801664355063 0.757313829787234 0.6650485436893204 0.723404255319149 0.6522191400832178 0.6768617021276596 0.6425104022191401 0.6382978723404256 0.6355755894590847 0.605718085106383 0.6321081830790569 0.5831117021276596
0 0.6737170596393898 0.3291223404255319 0.6692094313453537 0.3670212765957447 0.6699029126213593 0.41555851063829785 0.6712898751733704 0.47074468085106386 0.6751040221914009 0.49800531914893614 0.6855062413314841 0.5093085106382979 0.6979889042995839 0.504654255319149 0.7149791955617198 0.4973404255319149 0.7253814147018031 0.48470744680851063 0.7260748959778086 0.45611702127659576 0.7198335644937587 0.42021276595744683 0.7122052704576977 0.386968085106383 0.7097780859916782 0.3404255319148936 0.7066574202496533 0.3098404255319149 0.6938280166435506 0.2978723404255319 0.6827323162274619 0.3011968085106383 0.6757975034674064 0.3224734042553192
0 0.720873786407767 0.28125 0.7118585298196949 0.29521276595744683 0.7038834951456311 0.32779255319148937 0.7052704576976422 0.3650265957446808 0.7111650485436893 0.41023936170212766 0.7184466019417476 0.4441489361702128 0.7222607489597781 0.4773936170212766 0.7330097087378641 0.480718085106383 0.7538141470180305 0.4660904255319149 0.7645631067961165 0.4474734042553192 0.7645631067961165 0.4261968085106383 0.7541608876560333 0.3849734042553192 0.7472260748959778 0.34773936170212766 0.7444521497919556 0.3058510638297872 0.7465325936199723 0.2845744680851064 0.7364771151178918 0.269281914893617 0.723994452149792 0.27726063829787234
0 0.7378640776699029 0.29986702127659576 0.742371705963939 0.34375 0.7486130374479889 0.3809840425531915 0.7558945908460472 0.4148936170212766 0.763869625520111 0.449468085106383 0.7794729542302358 0.45146276595744683 0.7905686546463245 0.4441489361702128 0.8020110957004161 0.4175531914893617 0.8092926490984743 0.394281914893617 0.7968099861303745 0.3583776595744681 0.789875173370319 0.33444148936170215 0.7825936199722607 0.2878989361702128 0.7756588072122053 0.24202127659574468 0.7583217753120666 0.24800531914893617 0.7444521497919556 0.27194148936170215
3 0.6376560332871013 0.31050531914893614 0.6321081830790569 0.3384308510638298 0.6352288488210819 0.37367021276595747 0.6404299583911235 0.4148936170212766 0.6487517337031901 0.45611702127659576 0.658113730929265 0.4953457446808511 0.665742024965326 0.5139627659574468 0.6771844660194175 0.5093085106382979 0.6834257975034674 0.48470744680851063 0.6827323162274619 0.4488031914893617 0.673370319001387 0.4208776595744681 0.6640083217753121 0.38563829787234044 0.6667822468793343 0.3470744680851064 0.6608876560332871 0.31050531914893614 0.6494452149791956 0.2958776595744681
3 0.5579056865464632 0.3390957446808511 0.558252427184466 0.40691489361702127 0.5610263522884882 0.45944148936170215 0.5644937586685159 0.5152925531914894 0.5672676837725381 0.557845744680851 0.5686546463245492 0.5738031914893617 0.5884188626907073 0.5738031914893617 0.6040221914008321 0.5511968085106383 0.5967406380027739 0.5179521276595744 0.5946601941747572 0.48603723404255317 0.5887656033287101 0.4288563829787234 0.5863384188626907 0.39694148936170215 0.5960471567267683 0.3484042553191489 0.5998613037447988 0.31382978723404253 0.5911927877947295 0.30186170212765956 0.5776699029126213 0.30186170212765956 0.5669209431345353 0.3065159574468085 0.5599861303744799 0.32513297872340424
0 0.6192787794729542 0.35438829787234044 0.6192787794729542 0.4002659574468085 0.6223994452149791 0.4401595744680851 0.6255201109570042 0.5026595744680851 0.6314147018030514 0.5398936170212766 0.6494452149791956 0.550531914893617 0.6633148404993066 0.5438829787234043 0.6660887656033287 0.5166223404255319 0.6615811373092927 0.480718085106383 0.6501386962552012 0.4275265957446808 0.6407766990291263 0.39228723404255317 0.6383495145631068 0.3337765957446808 0.6286407766990292 0.32646276595744683 0.6237864077669902 0.3377659574468085
0 0.5346740638002774 0.34773936170212766 0.5319001386962552 0.4122340425531915 0.5294729542302358 0.4720744680851064 0.526005547850208 0.5279255319148937 0.5239251040221914 0.5718085106382979 0.5249653259361997 0.5764627659574468 0.5339805825242718 0.5811170212765957 0.5502773925104022 0.5784574468085106 0.5651872399445215 0.5718085106382979 0.5707350901525658 0.5625 0.5679611650485437 0.5259308510638298 0.5672676837725381 0.44680851063829785 0.5620665742024965 0.3976063829787234 0.558252427184466 0.3371010638297872 0.5544382801664355 0.324468085106383 0.5450762829403606 0.324468085106383 0.5384882108183079 0.3377659574468085
1 0.27184466019417475 0.2865691489361702 0.25624133148404993 0.3503989361702128 0.2406380027739251 0.3836436170212766 0.2368238557558946 0.41555851063829785 0.24375866851595007 0.4454787234042553 0.2541608876560333 0.46143617021276595 0.2735783633841886 0.4587765957446808 0.28259361997226073 0.45345744680851063 0.2909153952843273 0.41555851063829785 0.2964632454923717 0.3796542553191489 0.3058252427184466 0.34574468085106386 0.30478502080443826 0.3178191489361702 0.29299583911234395 0.30186170212765956 0.27981969486823854 0.28324468085106386
0 0.2777392510402219 0.47805851063829785 0.27045769764216365 0.488031914893617 0.25589459084604715 0.5172872340425532 0.24271844660194175 0.5272606382978723 0.23300970873786409 0.5445478723404256 0.22122052704576978 0.5797872340425532 0.2302357836338419 0.605718085106383 0.2447988904299584 0.6263297872340425 0.27600554785020803 0.6150265957446809 0.2961165048543689 0.5857712765957447 0.3151872399445215 0.567154255319149 0.32142857142857145 0.5565159574468085 0.3245492371705964 0.526595744680851 0.31900138696255204 0.5126329787234043 0.31137309292649096 0.5053191489361702 0.30617198335644935 0.4940159574468085 0.2988904299583911 0.4833776595744681 0.28883495145631066 0.4787234042553192