2 0.6986254295532646 0.5159574468085106 0.7082474226804124 0.49164133738601823 0.7450171821305842 0.49544072948328266 0.7518900343642612 0.5273556231003039 0.7487972508591065 0.5721884498480243 0.7494845360824742 0.6595744680851063 0.7412371134020619 0.6838905775075987 0.7268041237113402 0.6717325227963525 0.7144329896907217 0.6185410334346505 0.7075601374570447 0.5759878419452887 0.6979381443298969 0.5235562310030395
2 0.32989690721649484 0.34802431610942247 0.30446735395189 0.385258358662614 0.2986254295532646 0.41717325227963525 0.3099656357388316 0.45288753799392095 0.3209621993127148 0.46200607902735563 0.3422680412371134 0.4247720364741641 0.36323024054982816 0.38069908814589665 0.37491408934707904 0.34422492401215804 0.3642611683848797 0.3221884498480243 0.34467353951890034 0.33358662613981765
0 0.3649484536082474 0.38677811550151975 0.3199312714776632 0.45592705167173253 0.3178694158075601 0.47796352583586627 0.3274914089347079 0.4969604863221885 0.33676975945017185 0.526595744680851 0.35360824742268043 0.5296352583586627 0.3711340206185567 0.506838905775076 0.3810996563573883 0.4612462006079027 0.393127147766323 0.4133738601823708 0.39415807560137456 0.3731003039513678 0.388659793814433 0.35030395136778114 0.37800687285223367 0.3366261398176292 0.3711340206185567 0.3525835866261398
0 0.3965635738831615 0.3882978723404255 0.3745704467353952 0.4612462006079027 0.3628865979381443 0.5015197568389058 0.3611683848797251 0.53419452887538 0.3738831615120275 0.5524316109422492 0.39828178694158073 0.5638297872340425 0.4061855670103093 0.5509118541033434 0.41718213058419246 0.47796352583586627 0.4233676975945017 0.41641337386018235 0.41993127147766324 0.3768996960486322 0.4034364261168385 0.36246200607902734
2 0.6587628865979381 0.30243161094224924 0.6769759450171822 0.36854103343465044 0.6790378006872853 0.4095744680851064 0.6989690721649484 0.43617021276595747 0.7195876288659794 0.42933130699088146 0.7261168384879725 0.3837386018237082 0.7261168384879725 0.3427051671732523 0.6965635738831615 0.3009118541033435 0.6742268041237114 0.2689969604863222 0.6556701030927835 0.27203647416413373
2 0.2584192439862543 0.49620060790273557 0.25051546391752577 0.5273556231003039 0.2556701030927835 0.5965045592705167 0.259106529209622 0.6808510638297872 0.2697594501718213 0.702887537993921 0.2927835051546392 0.6519756838905775 0.306872852233677 0.5805471124620061 0.3127147766323024 0.5197568389057751 0.3048109965635739 0.493161094224924 0.28144329896907216 0.49240121580547114
1 0.31752577319587627 0.5106382978723404 0.30859106529209623 0.5372340425531915 0.29965635738831614 0.5942249240121581 0.2859106529209622 0.662613981762918 0.28144329896907216 0.7150455927051672 0.29175257731958765 0.7256838905775076 0.31374570446735395 0.6922492401215805 0.3474226804123711 0.621580547112462 0.36907216494845363 0.5820668693009119 0.36529209621993125 0.5547112462006079 0.3501718213058419 0.5334346504559271 0.33367697594501716 0.5227963525835866 0.32577319587628867 0.5037993920972644
0 0.654639175257732 0.5554711246200608 0.672852233676976 0.5357142857142857 0.6821305841924399 0.5113981762917933 0.6989690721649484 0.5258358662613982 0.7168384879725086 0.628419452887538 0.7329896907216494 0.6838905775075987 0.7257731958762886 0.7120060790273556 0.7082474226804124 0.709726443768997 0.6883161512027491 0.6717325227963525 0.6676975945017182 0.6291793313069909 0.654639175257732 0.601063829787234 0.6529209621993127 0.5699088145896657
0 0.6278350515463917 0.3731003039513678 0.6298969072164948 0.4688449848024316 0.6281786941580756 0.5106382978723404 0.6364261168384879 0.5524316109422492 0.6508591065292096 0.5554711246200608 0.6766323024054983 0.5288753799392097 0.6804123711340206 0.513677811550152 0.668041237113402 0.4582066869300912 0.6604810996563574 0.41185410334346506 0.6549828178694158 0.3525835866261398 0.6494845360824743 0.32750759878419455 0.6353951890034364 0.32598784194528874 0.627147766323024 0.3404255319148936
0 0.6154639175257732 0.5828267477203647 0.6268041237113402 0.5797872340425532 0.6395189003436426 0.560790273556231 0.6608247422680412 0.5585106382978723 0.6683848797250859 0.6268996960486323 0.7037800687285224 0.7256838905775076 0.6659793814432989 0.7872340425531915 0.6395189003436426 0.7378419452887538 0.6281786941580756 0.6648936170212766 0.6116838487972509 0.6238601823708206
0 0.4213058419243986 0.5919452887537994 0.43402061855670104 0.5797872340425532 0.4518900343642612 0.6025835866261399 0.4529209621993127 0.6299392097264438 0.44329896907216493 0.7036474164133738 0.43848797250859106 0.7743161094224924 0.4268041237113402 0.8047112462006079 0.4134020618556701 0.7796352583586627 0.4144329896907217 0.7112462006079028 0.4154639175257732 0.6466565349544073
0 0.3474226804123711 0.5661094224924013 0.3415807560137457 0.6291793313069909 0.32130584192439865 0.7332826747720365 0.32577319587628867 0.7591185410334347 0.33814432989690724 0.7735562310030395 0.3570446735395189 0.7781155015197568 0.3810996563573883 0.7401215805471124 0.3917525773195876 0.6610942249240122 0.4072164948453608 0.6094224924012158 0.4092783505154639 0.5721884498480243 0.3914089347079038 0.5706686930091185 0.3697594501718213 0.5501519756838906 0.35532646048109967 0.5516717325227963