3 0.42235376044568246 0.5039893617021277 0.40947075208913647 0.48271276595744683 0.3983286908077994 0.45811170212765956 0.40181058495821725 0.41688829787234044 0.4213091922005571 0.39029255319148937 0.4505571030640669 0.38231382978723405 0.46657381615598886 0.4115691489361702 0.46657381615598886 0.4434840425531915 0.4582172701949861 0.47606382978723405 0.45508356545961004 0.4900265957446808 0.4592618384401114 0.5378989361702128 0.46065459610027853 0.6256648936170213 0.43837047353760444 0.632313829787234 0.43279944289693595 0.6210106382978723 0.4258356545961003 0.5644946808510638
0 0.40215877437325903 0.5146276595744681 0.4011142061281337 0.5751329787234043 0.3969359331476323 0.5970744680851063 0.3993732590529248 0.625 0.4139972144846797 0.629654255319149 0.431058495821727 0.6256648936170213 0.43697771587743733 0.5904255319148937 0.42653203342618384 0.5166223404255319 0.4167827298050139 0.4820478723404255 0.4032033426183844 0.4773936170212766
0 0.36664345403899723 0.4734042553191489 0.3736072423398329 0.4966755319148936 0.37151810584958217 0.5678191489361702 0.3697771587743733 0.601063829787234 0.3736072423398329 0.625 0.383008356545961 0.6422872340425532 0.39902506963788303 0.6343085106382979 0.41051532033426186 0.6077127659574468 0.40006963788300837 0.5492021276595744 0.3955431754874652 0.4747340425531915 0.3770891364902507 0.43882978723404253 0.36908077994428967 0.449468085106383
0 0.32625348189415043 0.5 0.3307799442896936 0.5897606382978723 0.326949860724234 0.6535904255319149 0.33565459610027853 0.6708776595744681 0.37047353760445684 0.6748670212765957 0.38057103064066855 0.6376329787234043 0.3725626740947075 0.5664893617021277 0.36768802228412256 0.4820478723404255 0.3565459610027855 0.45611702127659576 0.34157381615598886 0.4634308510638298 0.32903899721448465 0.4886968085106383
0 0.28690807799442897 0.49069148936170215 0.29143454038997213 0.557845744680851 0.2827298050139276 0.613031914893617 0.2851671309192201 0.6429521276595744 0.31928969359331477 0.6702127659574468 0.32903899721448465 0.6422872340425532 0.3328690807799443 0.5904255319148937 0.3311281337047354 0.5398936170212766 0.3279944289693593 0.4734042553191489 0.3168523676880223 0.45478723404255317 0.3025766016713092 0.45611702127659576 0.2903899721448468 0.4714095744680851
3 0.5191504178272981 0.6356382978723404 0.5184540389972145 0.773936170212766 0.5271587743732591 0.7945478723404256 0.5376044568245125 0.7865691489361702 0.5379526462395543 0.7300531914893617 0.541782729805014 0.6742021276595744 0.5414345403899722 0.636968085106383
3 0.5595403899721448 0.644281914893617 0.5571030640668524 0.7047872340425532 0.5581476323119777 0.78125 0.5626740947075209 0.8204787234042553 0.5766016713091922 0.8377659574468085 0.5846100278551533 0.8204787234042553 0.5814763231197771 0.7852393617021277 0.5807799442896936 0.7220744680851063 0.584958217270195 0.6688829787234043 0.5842618384401114 0.6529255319148937 0.5685933147632312 0.6456117021276596
0 0.560933147632312 0.6456117021276596 0.5553621169916435 0.7227393617021277 0.5571030640668524 0.800531914893617 0.5661559888579387 0.8351063829787234 0.5818245125348189 0.8351063829787234 0.5818245125348189 0.8111702127659575 0.5818245125348189 0.7333776595744681 0.5839136490250696 0.6988031914893617 0.5887883008356546 0.6542553191489362 0.583217270194986 0.6436170212765957 0.5658077994428969 0.6436170212765957
0 0.6037604456824512 0.6589095744680851 0.6246518105849582 0.6389627659574468 0.6361420612813371 0.6542553191489362 0.6424094707520891 0.6748670212765957 0.6368384401114207 0.7167553191489362 0.6406685236768802 0.8450797872340425 0.6232590529247911 0.8457446808510638 0.6142061281337048 0.7952127659574468 0.6055013927576601 0.7160904255319149 0.5995821727019499 0.660904255319149
0 0.6263927576601671 0.668218085106383 0.6340529247910863 0.7160904255319149 0.6514623955431755 0.8184840425531915 0.6643454038997214 0.8371010638297872 0.6953342618384402 0.8131648936170213 0.6932451253481894 0.7347074468085106 0.6831476323119777 0.6456117021276596 0.6476323119777159 0.6382978723404256 0.628133704735376 0.6482712765957447
0 0.49686629526462395 0.6396276595744681 0.49895543175487467 0.754654255319149 0.5038300835654597 0.7952127659574468 0.5104456824512534 0.8025265957446809 0.5174094707520891 0.7878989361702128 0.5201949860724234 0.7267287234042553 0.5205431754874652 0.6382978723404256
0 0.7430362116991643 0.4640957446808511 0.7165738161559888 0.5033244680851063 0.7054317548746518 0.5704787234042553 0.7043871866295265 0.6476063829787234 0.7280640668523677 0.6728723404255319 0.7597493036211699 0.6389627659574468 0.7506963788300836 0.5691489361702128 0.7545264623955432 0.5013297872340425
3 0.6716573816155988 0.47938829787234044 0.677924791086351 0.4474734042553192 0.6977715877437326 0.4341755319148936 0.7158774373259053 0.46143617021276595 0.7190111420612814 0.4913563829787234 0.7134401114206128 0.5412234042553191 0.7092618384401114 0.5751329787234043 0.7092618384401114 0.6196808510638298 0.7047353760445683 0.6389627659574468 0.677924791086351 0.651595744680851 0.6591225626740947 0.6363031914893617 0.6556406685236769 0.6110372340425532 0.6591225626740947 0.5611702127659575
0 0.6483286908077994 0.45811170212765956 0.6413649025069638 0.4913563829787234 0.6316155988857939 0.5651595744680851 0.625 0.6117021276595744 0.6344011142061281 0.6303191489361702 0.6591225626740947 0.6382978723404256 0.6646935933147632 0.6163563829787234 0.6629526462395543 0.5585106382978723 0.6629526462395543 0.48736702127659576 0.6639972144846796 0.4640957446808511 0.6577298050139275 0.4474734042553192 0.6483286908077994 0.45146276595744683
0 0.6243036211699164 0.45345744680851063 0.6079387186629527 0.5226063829787234 0.5947075208913649 0.5970744680851063 0.5947075208913649 0.6303191489361702 0.616991643454039 0.644281914893617 0.6302228412256268 0.6436170212765957 0.6364902506963789 0.6196808510638298 0.6350974930362117 0.5691489361702128 0.6347493036211699 0.5339095744680851 0.637883008356546 0.4833776595744681 0.649025069637883 0.43949468085106386 0.6371866295264624 0.4375 0.6288300835654597 0.43816489361702127