0 0.2195290858725762 0.5392287234042553 0.2098337950138504 0.6017287234042553 0.19909972299168974 0.6542553191489362 0.1956371191135734 0.6961436170212766 0.20637119113573407 0.7127659574468085 0.2409972299168975 0.6622340425531915 0.2590027700831025 0.6103723404255319 0.2707756232686981 0.5691489361702128 0.2579639889196676 0.5365691489361702 0.23407202216066483 0.5279255319148937
0 0.2659279778393352 0.5724734042553191 0.29986149584487537 0.5664893617021277 0.31301939058171746 0.5764627659574468 0.31648199445983377 0.6003989361702128 0.310595567867036 0.6522606382978723 0.28981994459833793 0.7340425531914894 0.268005540166205 0.7679521276595744 0.24272853185595566 0.7632978723404256 0.23649584487534625 0.7320478723404256 0.24445983379501385 0.6722074468085106 0.25554016620498615 0.6216755319148937 0.2621191135734072 0.5910904255319149
0 0.3684210526315789 0.37898936170212766 0.3621883656509695 0.41023936170212766 0.3618421052631579 0.4747340425531915 0.3573407202216066 0.5345744680851063 0.36045706371191133 0.5565159574468085 0.37915512465373963 0.5684840425531915 0.3954293628808864 0.5458776595744681 0.39508310249307477 0.5226063829787234 0.38885041551246535 0.4787234042553192 0.3833102493074792 0.425531914893617 0.3850415512465374 0.386968085106383 0.38538781163434904 0.37433510638297873 0.38954293628808867 0.36236702127659576 0.37742382271468145 0.36103723404255317
0 0.3981994459833795 0.39361702127659576 0.39473684210526316 0.48736702127659576 0.3898891966759003 0.5605053191489362 0.4006232686980609 0.5797872340425532 0.4155124653739612 0.5791223404255319 0.42693905817174516 0.5558510638297872 0.43005540166204986 0.53125 0.4283240997229917 0.5086436170212766 0.42382271468144045 0.4886968085106383 0.42278393351800553 0.4488031914893617 0.41862880886426596 0.40558510638297873 0.407202216066482 0.37300531914893614 0.40270083102493076 0.3617021276595745 0.39785318559556787 0.37699468085106386
0 0.4172437673130194 0.36103723404255317 0.4224376731301939 0.4321808510638298 0.42416897506925205 0.5099734042553191 0.42382271468144045 0.5711436170212766 0.43975069252077564 0.5897606382978723 0.4556786703601108 0.5605053191489362 0.45914127423822715 0.526595744680851 0.4584487534626039 0.4820478723404255 0.45013850415512463 0.38763297872340424 0.4328254847645429 0.31981382978723405 0.4172437673130194 0.3184840425531915 0.4151662049861496 0.33311170212765956
1 0.45394736842105265 0.40691489361702127 0.45914127423822715 0.4275265957446808 0.4587950138504155 0.5006648936170213 0.4577562326869806 0.5751329787234043 0.46433518005540164 0.5857712765957447 0.4878808864265928 0.5857712765957447 0.49134349030470914 0.5704787234042553 0.4909972299168975 0.5053191489361702 0.4851108033240997 0.4261968085106383 0.47853185595567865 0.3836436170212766 0.45914127423822715 0.3617021276595745 0.44806094182825484 0.3683510638297872 0.449792243767313 0.39029255319148937
0 0.48961218836565096 0.41356382978723405 0.4868421052631579 0.4753989361702128 0.4871883656509695 0.5445478723404256 0.4871883656509695 0.5784574468085106 0.506578947368421 0.586436170212766 0.5277008310249307 0.5824468085106383 0.5301246537396122 0.5631648936170213 0.5294321329639889 0.4800531914893617 0.5183518005540166 0.4148936170212766 0.5058864265927978 0.386968085106383 0.48961218836565096 0.3916223404255319
0 0.5488227146814404 0.40226063829787234 0.532202216066482 0.46742021276595747 0.5280470914127424 0.5285904255319149 0.5287396121883656 0.5771276595744681 0.546398891966759 0.5910904255319149 0.5685595567867036 0.581781914893617 0.5685595567867036 0.535904255319149 0.5723684210526315 0.45345744680851063 0.5761772853185596 0.3783244680851064 0.5616343490304709 0.37699468085106386
0 0.5865650969529086 0.3929521276595745 0.5754847645429363 0.4474734042553192 0.5678670360110804 0.5146276595744681 0.5664819944598338 0.581781914893617 0.5782548476454293 0.5884308510638298 0.6011080332409973 0.5811170212765957 0.6011080332409973 0.5458776595744681 0.6018005540166205 0.488031914893617 0.6035318559556787 0.4275265957446808 0.6059556786703602 0.38231382978723405 0.6080332409972299 0.363031914893617 0.5962603878116344 0.363031914893617
0 0.6239612188365651 0.37566489361702127 0.6083795013850416 0.4507978723404255 0.6007617728531855 0.507313829787234 0.600415512465374 0.5871010638297872 0.6173822714681441 0.6077127659574468 0.6357340720221607 0.5944148936170213 0.6412742382271468 0.5618351063829787 0.6409279778393352 0.4966755319148936 0.6440443213296398 0.4621010638297872 0.6513157894736842 0.3849734042553192 0.6558171745152355 0.34242021276595747 0.6443905817174516 0.324468085106383 0.6329639889196675 0.34175531914893614
1 0.7313019390581718 0.586436170212766 0.7770083102493075 0.5751329787234043 0.7908587257617729 0.5944148936170213 0.7943213296398892 0.6396276595744681 0.7970914127423823 0.6821808510638298 0.807825484764543 0.7652925531914894 0.7811634349030471 0.7832446808510638 0.7583102493074793 0.7652925531914894 0.7375346260387812 0.6894946808510638 0.7309556786703602 0.6216755319148937 0.7285318559556787 0.5964095744680851
0 0.6762465373961218 0.59375 0.7226454293628809 0.5924202127659575 0.7347645429362881 0.6170212765957447 0.7344182825484764 0.663563829787234 0.7451523545706371 0.7639627659574468 0.7413434903047091 0.7839095744680851 0.7205678670360111 0.7878989361702128 0.707409972299169 0.7912234042553191 0.6945983379501385 0.7759308510638298 0.6800554016620498 0.7353723404255319 0.6776315789473685 0.6715425531914894 0.6641274238227147 0.625 0.6689750692520776 0.5977393617021277
0 0.6755540166204986 0.3996010638297872 0.6731301939058172 0.4886968085106383 0.6724376731301939 0.5797872340425532 0.6866343490304709 0.5930851063829787 0.7042936288088643 0.5930851063829787 0.7146814404432132 0.5691489361702128 0.7087950138504155 0.49800531914893614 0.7029085872576177 0.42220744680851063 0.6966759002770083 0.37300531914893614 0.6804016620498615 0.37101063829787234
1 0.23926592797783933 0.4122340425531915 0.22299168975069253 0.5232712765957447 0.23649584487534625 0.5365691489361702 0.2583102493074792 0.5392287234042553 0.26662049861495846 0.49069148936170215 0.26523545706371193 0.4148936170212766