2 0.6908077994428969 0.22007978723404256 0.6723537604456824 0.2859042553191489 0.6713091922005571 0.34308510638297873 0.6810584958217271 0.36768617021276595 0.7019498607242339 0.36768617021276595 0.7277158774373259 0.3484042553191489 0.7322423398328691 0.3011968085106383 0.7256267409470752 0.23470744680851063 0.7214484679665738 0.18949468085106383 0.7047353760445683 0.18018617021276595 0.6974233983286908 0.20212765957446807
3 0.2956128133704735 0.47007978723404253 0.28551532033426186 0.5285904255319149 0.2670612813370474 0.5950797872340425 0.266016713091922 0.6382978723404256 0.28064066852367686 0.6509308510638298 0.30362116991643456 0.6416223404255319 0.31720055710306405 0.598404255319149 0.3485376044568245 0.5219414893617021 0.31545961002785516 0.48271276595744683
1 0.29596100278551535 0.4640957446808511 0.2851671309192201 0.53125 0.28064066852367686 0.5611702127659575 0.2827298050139276 0.5764627659574468 0.2928272980501393 0.5904255319148937 0.30675487465181056 0.5897606382978723 0.33530640668523676 0.5618351063829787 0.34958217270194986 0.535904255319149 0.3450557103064067 0.5152925531914894 0.3203342618384401 0.4853723404255319
3 0.35236768802228413 0.5139627659574468 0.3245125348189415 0.5897606382978723 0.2983983286908078 0.6469414893617021 0.29352367688022285 0.6688829787234043 0.3081476323119777 0.7027925531914894 0.32137883008356544 0.7127659574468085 0.33774373259052926 0.7061170212765957 0.35724233983286907 0.6688829787234043 0.3770891364902507 0.6183510638297872 0.3906685236768802 0.5704787234042553 0.3906685236768802 0.5325797872340425 0.3753481894150418 0.5172872340425532
0 0.35376044568245124 0.511968085106383 0.32103064066852366 0.5950797872340425 0.3025766016713092 0.6343085106382979 0.30118384401114207 0.6642287234042553 0.31545961002785516 0.6861702127659575 0.326949860724234 0.7021276595744681 0.34401114206128136 0.6821808510638298 0.37430362116991645 0.6223404255319149 0.3944986072423398 0.555186170212766 0.391016713091922 0.53125 0.36803621169916434 0.5086436170212766
3 0.38614206128133705 0.5771276595744681 0.3645543175487465 0.6702127659574468 0.35236768802228413 0.6968085106382979 0.3551532033426184 0.7273936170212766 0.37047353760445684 0.7433510638297872 0.3868384401114206 0.7253989361702128 0.3997214484679666 0.6768617021276596 0.41051532033426186 0.6316489361702128 0.4192200557103064 0.5651595744680851 0.39623955431754876 0.5625
1 0.38614206128133705 0.5791223404255319 0.37047353760445684 0.6615691489361702 0.36525069637883006 0.7081117021276596 0.3770891364902507 0.7367021276595744 0.39623955431754876 0.7014627659574468 0.4157381615598886 0.6030585106382979 0.4133008356545961 0.5784574468085106
0 0.44672701949860727 0.5751329787234043 0.4411559888579387 0.620345744680851 0.4338440111420613 0.6981382978723404 0.4334958217270195 0.7347074468085106 0.4415041782729805 0.7679521276595744 0.4582172701949861 0.7566489361702128 0.4735376044568245 0.6841755319148937 0.47841225626740946 0.6289893617021277 0.4752785515320334 0.5804521276595744 0.4616991643454039 0.5585106382978723
0 0.5877437325905293 0.5711436170212766 0.5860027855153204 0.5910904255319149 0.5908774373259053 0.6289893617021277 0.6100278551532033 0.6841755319148937 0.6270891364902507 0.7267287234042553 0.6417130919220055 0.7440159574468085 0.6584261838440112 0.742686170212766 0.6511142061281338 0.7101063829787234 0.6357938718662952 0.6436170212765957 0.6260445682451253 0.605718085106383 0.6138579387186629 0.555186170212766 0.5988857938718662 0.5531914893617021
0 0.6232590529247911 0.5458776595744681 0.6128133704735376 0.5644946808510638 0.6267409470752089 0.6170212765957447 0.6532033426183844 0.6914893617021277 0.6706128133704735 0.7214095744680851 0.6824512534818942 0.7214095744680851 0.6887186629526463 0.7054521276595744 0.6758356545961003 0.6575797872340425 0.657033426183844 0.5904255319148937 0.6413649025069638 0.53125
0 0.6504178272980501 0.5206117021276596 0.637883008356546 0.5372340425531915 0.6535515320334262 0.5804521276595744 0.6723537604456824 0.6476063829787234 0.6963788300835655 0.7001329787234043 0.7172701949860725 0.7041223404255319 0.7493036211699164 0.660904255319149 0.7318941504178273 0.6183510638297872 0.7078690807799443 0.5678191489361702 0.6953342618384402 0.5093085106382979 0.6897632311977716 0.4933510638297872 0.6688718662952646 0.5039893617021277
1 0.689066852367688 0.4940159574468085 0.6977715877437326 0.535904255319149 0.7085654596100278 0.5611702127659575 0.7249303621169917 0.5990691489361702 0.7437325905292479 0.6117021276595744 0.7562674094707521 0.6223404255319149 0.7614902506963789 0.5757978723404256 0.7545264623955432 0.5352393617021277 0.7440807799442897 0.5053191489361702 0.7322423398328691 0.4587765957446808 0.7221448467966574 0.44680851063829785 0.7061281337047354 0.4541223404255319 0.6995125348189415 0.46675531914893614
2 0.7691504178272981 0.5059840425531915 0.7426880222841226 0.5166223404255319 0.7378133704735376 0.5585106382978723 0.7402506963788301 0.5857712765957447 0.7493036211699164 0.6190159574468085 0.7705431754874652 0.6289893617021277 0.807799442896936 0.586436170212766 0.8245125348189415 0.5518617021276596 0.8039693593314763 0.48470744680851063 0.7771587743732591 0.4913563829787234
0 0.697075208913649 0.36103723404255317 0.6942896935933147 0.4002659574468085 0.6991643454038997 0.44148936170212766 0.7071727019498607 0.4627659574468085 0.7217966573816156 0.46143617021276595 0.7527855153203342 0.4341755319148936 0.7569637883008357 0.3723404255319149 0.7506963788300836 0.28257978723404253 0.7378133704735376 0.27992021276595747 0.7287604456824512 0.28856382978723405 0.7204038997214485 0.30851063829787234 0.7043871866295265 0.34773936170212766 0.700208913649025 0.35638297872340424
0 0.6483286908077994 0.32779255319148937 0.6462395543175488 0.3783244680851064 0.6532033426183844 0.43683510638297873 0.6549442896935933 0.48936170212765956 0.6605153203342619 0.5126329787234043 0.6793175487465181 0.49933510638297873 0.7047353760445683 0.4853723404255319 0.7064763231197771 0.4601063829787234 0.6988161559888579 0.425531914893617 0.692200557103064 0.39095744680851063 0.689066852367688 0.3603723404255319 0.6782729805013927 0.31050531914893614 0.66991643454039 0.2958776595744681 0.653899721448468 0.30319148936170215
1 0.3004874651810585 0.3184840425531915 0.28481894150417825 0.37699468085106386 0.28481894150417825 0.41688829787234044 0.2862116991643454 0.4441489361702128 0.2938718662952646 0.4587765957446808 0.3046657381615599 0.47606382978723405 0.31162952646239556 0.4720744680851064 0.3203342618384401 0.43882978723404253 0.318941504178273 0.40425531914893614 0.3203342618384401 0.3058510638297872 0.2994428969359331 0.3045212765957447