1 0.26999650716032136 0.520516717325228 0.24484806147397833 0.5699088145896657 0.26126440796367445 0.6268996960486323 0.28257073000349286 0.6193009118541033 0.2986377925253231 0.5904255319148937 0.3024799161718477 0.5501519756838906 0.2759343346140412 0.5129179331306991
1 0.30981487949703107 0.5189969604863222 0.32727907789032484 0.5098784194528876 0.33705902899056933 0.5197568389057751 0.36185819070904646 0.5486322188449848 0.36465246245197347 0.5782674772036475 0.3314704855047153 0.6770516717325228 0.2968913726859937 0.7446808510638298 0.27383863080684595 0.7378419452887538 0.2584701362207475 0.6914893617021277 0.2731400628711142 0.6375379939209727 0.2899056933286762 0.6003039513677811 0.29933636046105483 0.5858662613981763 0.3010827803003842 0.540273556231003
1 0.6004191407614391 0.5919452887537994 0.5937827453719874 0.6618541033434651 0.5944813133077191 0.7036474164133738 0.6067062521830248 0.729483282674772 0.6182326231225986 0.708966565349544 0.6206776108976598 0.648936170212766 0.6217254628012574 0.6162613981762918 0.6157876353475376 0.567629179331307
0 0.6915822563744324 0.5357142857142857 0.6999650716032134 0.5151975683890577 0.7226685295144953 0.506838905775076 0.7390848760041914 0.5493920972644377 0.7478169752008382 0.601823708206687 0.7575969263010828 0.6633738601823708 0.7565490743974852 0.6968085106382979 0.7341949004540692 0.7074468085106383 0.7142857142857143 0.6724924012158054 0.6999650716032134 0.6170212765957447 0.6915822563744324 0.5843465045592705 0.6859937128885785 0.5630699088145896 0.6877401327279078 0.5440729483282675
0 0.6475724764233322 0.5539513677811551 0.6489696122947957 0.5455927051671733 0.6611945511701013 0.5455927051671733 0.6723716381418093 0.5296352583586627 0.6849458609849808 0.5258358662613982 0.6936779601816276 0.5463525835866262 0.6954243800209571 0.5721884498480243 0.6971707998602864 0.5919452887537994 0.7031086273140063 0.6496960486322189 0.7202235417394341 0.7044072948328267 0.7160321341250436 0.7287234042553191 0.6835487251135173 0.7591185410334347 0.6671323786238211 0.7211246200607903 0.6559552916521132 0.6504559270516718 0.6510653161019909 0.6147416413373861 0.6475724764233322 0.5790273556231003
0 0.6178833391547328 0.5691489361702128 0.628361858190709 0.5554711246200608 0.6398882291302829 0.5531914893617021 0.6514146000698567 0.567629179331307 0.6545581557806497 0.5881458966565349 0.6514146000698567 0.6208206686930091 0.6510653161019909 0.6793313069908815 0.6489696122947957 0.7378419452887538 0.6458260565840028 0.770516717325228 0.63674467341949 0.7735562310030395 0.6308068459657702 0.7583586626139818 0.6248690185120503 0.6831306990881459 0.6203283269297939 0.6223404255319149 0.6150890674118058 0.5927051671732523 0.6150890674118058 0.5752279635258358
0 0.38735592036325533 0.5303951367781155 0.39853300733496333 0.513677811550152 0.4142507858889277 0.5151975683890577 0.4296192804750262 0.5387537993920972 0.43031784841075793 0.5638297872340425 0.4222843171498428 0.5980243161094225 0.41774362556758643 0.6382978723404256 0.41215508208173246 0.6808510638297872 0.40621725462801256 0.7340425531914894 0.4006287111421586 0.7446808510638298 0.3932937478169752 0.7340425531914894 0.3849109325881942 0.6793313069908815 0.3877052043311212 0.6101823708206687 0.3845616486203283 0.5478723404255319
0 0.5459308417743626 0.29711246200607905 0.5351030387705205 0.3183890577507599 0.5246245197345442 0.3761398176291793 0.5200838281522878 0.4316109422492401 0.5190359762486901 0.4688449848024316 0.5190359762486901 0.5273556231003039 0.555710792874607 0.5357142857142857 0.5543136570031435 0.46200607902735563 0.5564093608103388 0.3844984802431611 0.5536150890674119 0.3130699088145897
0 0.2602165560600768 0.3047112462006079 0.2717429269996507 0.36246200607902734 0.28152287809989524 0.3951367781155015 0.2727907789032483 0.4627659574468085 0.2885085574572127 0.4908814589665654 0.31749912679008035 0.48936170212765956 0.3360111770869717 0.47188449848024316 0.3332169053440447 0.41717325227963525 0.329724065665386 0.38677811550151975 0.32692979392245897 0.3465045592705167 0.31959483059727556 0.2986322188449848 0.3056234718826406 0.2629179331306991 0.2843171498428222 0.256838905775076 0.268250087320992 0.25835866261398177 0.25951798812434507 0.28419452887537994
0 0.6493188962626616 0.32674772036474165 0.6472231924554663 0.385258358662614 0.6391896611945511 0.4635258358662614 0.6349982535801607 0.5106382978723404 0.6500174641983933 0.5319148936170213 0.6727209221096752 0.5197568389057751 0.6720223541739434 0.4810030395136778 0.6709745022703458 0.41185410334346506 0.6709745022703458 0.3525835866261398 0.6702759343346141 0.30927051671732525 0.6559552916521132 0.28799392097264437
1 0.6276632902549772 0.3123100303951368 0.6168354872511351 0.39209726443769 0.6070555361508907 0.44452887537993924 0.6063569682151589 0.4939209726443769 0.6108976597974153 0.5281155015197568 0.6280125742228432 0.5288753799392097 0.6398882291302829 0.4939209726443769 0.6465246245197346 0.44756838905775076 0.6468739084876004 0.38753799392097266 0.6475724764233322 0.331306990881459 0.6426825008732099 0.2993920972644377
1 0.681802305274188 0.32066869300911854 0.6699266503667481 0.385258358662614 0.6660845267202236 0.44224924012158057 0.6713237862382117 0.5037993920972644 0.6971707998602864 0.5015197568389058 0.6950750960530911 0.4764437689969605 0.6929793922458959 0.4133738601823708 0.6996157876353475 0.3609422492401216
1 0.7062521830247992 0.3662613981762918 0.701012923506811 0.40805471124620063 0.6985679357317499 0.4696048632218845 0.706950750960531 0.49848024316109424 0.7387355920363256 0.48404255319148937 0.7603911980440098 0.4582066869300912 0.759692630108278 0.35030395136778114 0.7492141110723017 0.34194528875379937
1 0.25602514844568636 0.29635258358662614 0.22668529514495284 0.3738601823708207 0.22598672720922108 0.4095744680851064 0.2396088019559902 0.46504559270516715 0.26755151938526023 0.47112462006079026 0.2804750261962976 0.4452887537993921 0.28501571777855395 0.3130699088145897
1 0.3541739434159972 0.3282674772036474 0.3639538945162417 0.43009118541033436 0.3457911281872162 0.43617021276595747 0.3314704855047153 0.4376899696048632 0.32448480614739783 0.3541033434650456 0.33042263360111773 0.33206686930091184