1 0.4638329604772558 0.39893617021276595 0.4615958240119314 0.4430091185410334 0.4608501118568233 0.47112462006079026 0.4589858314690529 0.493161094224924 0.45786726323639076 0.5433130699088146 0.4589858314690529 0.5706686930091185 0.4746457867263236 0.5851063829787234 0.4843400447427293 0.5828267477203647 0.4873228933631618 0.5531914893617021 0.4891871737509321 0.5212765957446809 0.49030574198359433 0.4810030395136778 0.49030574198359433 0.4452887537993921 0.49030574198359433 0.4072948328267477 0.4873228933631618 0.39285714285714285 0.4753914988814318 0.3829787234042553
0 0.42058165548098436 0.4012158054711246 0.41946308724832215 0.4430091185410334 0.4146159582401193 0.48328267477203646 0.4116331096196868 0.5030395136778115 0.4116331096196868 0.5212765957446809 0.4116331096196868 0.560790273556231 0.41648023862788963 0.5851063829787234 0.4313944817300522 0.5911854103343465 0.436241610738255 0.5486322188449848 0.4381058911260254 0.5007598784194529 0.4481730052199851 0.41109422492401215 0.4481730052199851 0.3768996960486322 0.4272930648769575 0.37537993920972645
0 0.3870246085011186 0.3913373860182371 0.39112602535421326 0.439209726443769 0.38926174496644295 0.4787234042553192 0.3844146159582401 0.5167173252279635 0.3832960477255779 0.5531914893617021 0.39112602535421326 0.5706686930091185 0.41424310216256527 0.5767477203647416 0.4108873974645787 0.5288753799392097 0.412751677852349 0.47112462006079026 0.41573452647278153 0.4247720364741641 0.42058165548098436 0.39285714285714285 0.41648023862788963 0.364741641337386
0 0.36316181953765847 0.4133738601823708 0.36316181953765847 0.4673252279635258 0.35943325876211785 0.5091185410334347 0.35719612229679343 0.541033434650456 0.36129753914988816 0.5729483282674772 0.3870246085011186 0.5721884498480243 0.39149888143176736 0.513677811550152 0.383668903803132 0.45896656534954405 0.3888888888888889 0.41717325227963525
1 0.32401193139448176 0.3670212765957447 0.32102908277404923 0.4034954407294833 0.319910514541387 0.4810030395136778 0.3158090976882923 0.5189969604863222 0.32289336316181955 0.541033434650456 0.354586129753915 0.5592705167173252 0.36204325130499626 0.5174772036474165 0.3650260999254288 0.4551671732522796 0.36129753914988816 0.41717325227963525 0.36129753914988816 0.3890577507598784 0.34041759880686057 0.36322188449848025
0 0.28821774794929156 0.3351063829787234 0.2829977628635347 0.385258358662614 0.2803877703206562 0.4072948328267477 0.27815063385533184 0.4490881458966565 0.27926920208799405 0.4673252279635258 0.27181208053691275 0.4939209726443769 0.2889634601043997 0.5250759878419453 0.3057419835943326 0.5288753799392097 0.3187919463087248 0.5220364741641338 0.3214019388516033 0.49012158054711247 0.31841909023117076 0.4331306990881459 0.3202833706189411 0.3913373860182371 0.3225205070842655 0.33890577507598785 0.3068605518269948 0.3229483282674772 0.29679343773303507 0.3229483282674772
1 0.49515287099179717 0.4012158054711246 0.49515287099179717 0.4452887537993921 0.49515287099179717 0.4673252279635258 0.49403430275913496 0.48936170212765956 0.49217002237136465 0.5273556231003039 0.48508575689783745 0.5630699088145896 0.49217002237136465 0.5904255319148937 0.506338553318419 0.5934650455927052 0.5182699478001491 0.5881458966565349 0.5208799403430275 0.5630699088145896 0.5186428038777032 0.5250759878419453 0.5156599552572707 0.4946808510638298 0.5156599552572707 0.4551671732522796 0.5119313944817301 0.3844984802431611
1 0.5182699478001491 0.4065349544072948 0.5156599552572707 0.42325227963525835 0.5156599552572707 0.4787234042553192 0.517524235645041 0.506838905775076 0.5193885160328113 0.5706686930091185 0.5283370618941089 0.5828267477203647 0.5369127516778524 0.5927051671732523 0.5428784489187174 0.5752279635258358 0.5439970171513796 0.5311550151975684 0.5439970171513796 0.4825227963525836 0.5428784489187174 0.44452887537993924 0.5428784489187174 0.3890577507598784 0.5253542132736764 0.38677811550151975
0 0.5678598061148397 0.4088145896656535 0.5678598061148397 0.4430091185410334 0.5630126771066368 0.4848024316109423 0.558165548098434 0.5212765957446809 0.5555555555555556 0.5767477203647416 0.5902311707680835 0.5835866261398176 0.5902311707680835 0.5448328267477204 0.5902311707680835 0.5212765957446809 0.5902311707680835 0.5030395136778115 0.5902311707680835 0.4369300911854103 0.5824011931394482 0.38677811550151975
1 0.5861297539149888 0.3981762917933131 0.5842654735272185 0.43617021276595747 0.5838926174496645 0.4787234042553192 0.5850111856823266 0.5311550151975684 0.5924683072334079 0.5645896656534954 0.6140939597315436 0.5691489361702128 0.6167039522744221 0.5417933130699089 0.6148396718866518 0.48556231003039513 0.6118568232662193 0.4521276595744681 0.609992542878449 0.4034954407294833 0.6088739746457867 0.38145896656534956
1 0.6178225205070843 0.38677811550151975 0.6178225205070843 0.4308510638297872 0.6133482475764355 0.46580547112462006 0.6073825503355704 0.5075987841945289 0.6167039522744221 0.5547112462006079 0.6316181953765846 0.5547112462006079 0.6480238627889635 0.5531914893617021 0.6610738255033557 0.53419452887538 0.6580909768829232 0.493161094224924 0.6551081282624907 0.42325227963525835 0.6592095451155854 0.3761398176291793 0.6394481730052199 0.36930091185410335
2 0.6815809097688292 0.2993920972644377 0.6718866517524236 0.31534954407294835 0.6707680835197614 0.3427051671732523 0.6737509321401939 0.37537993920972645 0.6826994780014914 0.41793313069908816 0.7013422818791947 0.40501519756838905 0.7199850857568978 0.39285714285714285 0.7304250559284117 0.364741641337386 0.714765100671141 0.3229483282674772 0.7061894108873975 0.3047112462006079 0.6991051454138703 0.30319148936170215 0.6923937360178971 0.29711246200607905
1 0.5741983594332588 0.5600303951367781 0.5686055182699478 0.5661094224924013 0.5604026845637584 0.5889057750759878 0.5577926920208799 0.6193009118541033 0.5645041014168531 0.6679331306990881 0.5712155108128263 0.7059270516717325 0.5782997762863534 0.7553191489361702 0.598434004474273 0.7629179331306991 0.6006711409395973 0.7013677811550152 0.5920954511558538 0.6337386018237082 0.5920954511558538 0.6101823708206687 0.5850111856823266 0.5820668693009119
0 0.5976882923191648 0.547112462006079 0.575689783743475 0.5820668693009119 0.5961968680089486 0.648936170212766 0.6058911260253542 0.708966565349544 0.6178225205070843 0.7386018237082067 0.639821029082774 0.7332826747720365 0.6304996271439225 0.6960486322188449 0.6249067859806114 0.6496960486322189 0.6167039522744221 0.5889057750759878
1 0.6155853840417599 0.547112462006079 0.6088739746457867 0.5729483282674772 0.6226696495152871 0.621580547112462 0.6308724832214765 0.6869300911854104 0.6577181208053692 0.7150455927051672 0.6756152125279642 0.6793313069908815 0.674496644295302 0.6413373860182371 0.6685309470544369 0.6056231003039514 0.6618195376584638 0.5714285714285714 0.6528709917971663 0.547112462006079 0.6360924683072334 0.541033434650456
0 0.7397464578672632 0.6382978723404256 0.727069351230425 0.6063829787234043 0.714765100671141 0.5699088145896657 0.7087994034302759 0.5539513677811551 0.6961222967934377 0.5022796352583586 0.6614466815809098 0.5189969604863222 0.6487695749440716 0.5440729483282675 0.6592095451155854 0.5896656534954408 0.6733780760626398 0.6344984802431611 0.6823266219239373 0.6618541033434651 0.6983594332587622 0.6778115501519757 0.7155108128262491 0.682370820668693
2 0.726696495152871 0.5030395136778115 0.7102908277404921 0.5638297872340425 0.7304250559284117 0.6276595744680851 0.744220730797912 0.6299392097264438 0.7580164056674124 0.6132218844984803 0.7706935123042505 0.5805471124620061 0.7710663683818046 0.5387537993920972 0.7647278150633855 0.5113981762917933 0.7516778523489933 0.4946808510638298
0 0.41498881431767337 0.7393617021276596 0.42468307233407904 0.6550151975683891 0.4299030574198359 0.6231003039513677 0.4306487695749441 0.601063829787234 0.4299030574198359 0.587386018237082 0.4116331096196868 0.5623100303951368 0.4023117076808352 0.6048632218844985 0.395227442207308 0.6648936170212766 0.39448173005219983 0.7051671732522796 0.39448173005219983 0.7507598784194529
0 0.38516032811334827 0.5645896656534954 0.3754660700969426 0.5911854103343465 0.36838180462341535 0.6246200607902735 0.3650260999254288 0.6785714285714286 0.36316181953765847 0.7370820668693009 0.38217747949291575 0.7606382978723404 0.3918717375093214 0.6945288753799392 0.39671886651752425 0.6664133738601824 0.4004474272930649 0.6436170212765957 0.40268456375838924 0.6185410334346505 0.40566741237882176 0.5927051671732523 0.40566741237882176 0.5790273556231003 0.4008202833706189 0.5645896656534954
1 0.343027591349739 0.5531914893617021 0.33818046234153615 0.5767477203647416 0.32923191648023864 0.601063829787234 0.31841909023117076 0.6466565349544073 0.31469052945563014 0.6975683890577508 0.33818046234153615 0.7127659574468085 0.35197613721103654 0.7051671732522796 0.36763609246830725 0.6603343465045592 0.38217747949291575 0.5972644376899696 0.389634601043997 0.5691489361702128 0.3724832214765101 0.560790273556231 0.3598061148396719 0.5547112462006079
0 0.29903057419835943 0.5227963525835866 0.2870991797166294 0.5433130699088146 0.26547352721849365 0.587386018237082 0.2535421327367636 0.6306990881458967 0.26547352721849365 0.6671732522796353 0.29082774049217003 0.6952887537993921 0.3105891126025354 0.668693009118541 0.3232662192393736 0.6367781155015197 0.3333333333333333 0.5987841945288754 0.34377330350484714 0.5661094224924013 0.33221476510067116 0.5448328267477204 0.31543624161073824 0.5250759878419453