0 0.3278972935461485 0.33282674772036475 0.3386537126995142 0.4209726443768997 0.34420541290770296 0.4886018237082067 0.3466342817487856 0.520516717325228 0.34559333795975017 0.5478723404255319 0.33587786259541985 0.5539513677811551 0.32061068702290074 0.5569908814589666 0.3063844552394171 0.5592705167173252 0.29875086745315754 0.5501519756838906 0.2963219986120749 0.5227963525835866 0.29840388619014574 0.4946808510638298 0.2997918112421929 0.4270516717325228 0.3015267175572519 0.33966565349544076
0 0.28591256072172105 0.33966565349544076 0.2786259541984733 0.3974164133738602 0.2591950034698126 0.46504559270516715 0.2477446217904233 0.49620060790273557 0.24843858431644691 0.520516717325228 0.2550312283136711 0.5326747720364742 0.2643997224149896 0.5288753799392097 0.2734212352532963 0.5372340425531915 0.27966689798750866 0.547112462006079 0.2883414295628036 0.5478723404255319 0.2959750173490632 0.5379939209726444 0.29875086745315754 0.526595744680851 0.2997918112421929 0.48632218844984804 0.3001387925052047 0.425531914893617 0.3011797362942401 0.3373860182370821
1 0.2598889659958362 0.30775075987841943 0.2369882026370576 0.3776595744680851 0.21582234559333796 0.4126139817629179 0.21478140180430258 0.44680851063829785 0.21998612074947954 0.479483282674772 0.22761970853573907 0.49848024316109424 0.24392782789729356 0.5022796352583586 0.25260235947258847 0.49164133738601823 0.26162387231089523 0.4627659574468085 0.2789729354614851 0.3943768996960486 0.2873004857737682 0.33206686930091184
0 0.6467730742539903 0.33206686930091184 0.6474670367800138 0.4878419452887538 0.6478140180430256 0.5448328267477204 0.6474670367800138 0.5577507598784195 0.6571825121443442 0.5706686930091185 0.6769604441360166 0.5706686930091185 0.6939625260235948 0.5547112462006079 0.6977793199167245 0.5433130699088146 0.6977793199167245 0.5220364741641338 0.6956974323386537 0.49848024316109424 0.6845940319222762 0.41793313069908816 0.6741845940319223 0.3290273556231003
0 0.676266481609993 0.33206686930091184 0.6922276197085357 0.4726443768996961 0.6963913948646773 0.5045592705167173 0.6977793199167245 0.5311550151975684 0.7015961138098543 0.5486322188449848 0.7092297015961138 0.5577507598784195 0.7189451769604441 0.5569908814589666 0.7265787647467037 0.5524316109422492 0.734559333795975 0.5357142857142857 0.7421929215822346 0.5106382978723404 0.7390700902151284 0.49012158054711247 0.7088827203331021 0.36854103343465044 0.6988202637057599 0.32370820668693007
1 0.7185981956974323 0.3290273556231003 0.7633587786259542 0.4034954407294833 0.7692574600971548 0.4194528875379939 0.7678695350451076 0.43617021276595747 0.7657876474670368 0.45592705167173253 0.7643997224149895 0.4810030395136778 0.7605829285218598 0.4969604863221885 0.7522553782095767 0.5007598784194529 0.7463566967383761 0.5 0.7401110340041638 0.493161094224924 0.703678001387925 0.34802431610942247
0 0.5739070090215128 0.5851063829787234 0.5666204024982651 0.6086626139817629 0.5704371963913949 0.6405775075987842 0.5704371963913949 0.7332826747720365 0.5746009715475364 0.8358662613981763 0.6030534351145038 0.8297872340425532 0.5981956974323387 0.6641337386018237 0.6020124913254684 0.6261398176291794 0.6013185287994448 0.6025835866261399 0.5905621096460791 0.5843465045592705 0.5860513532269257 0.581306990881459
0 0.6065232477446217 0.5820668693009119 0.5992366412213741 0.5972644376899696 0.6013185287994448 0.6177811550151976 0.6020124913254684 0.6382978723404256 0.6117279666897988 0.8153495440729484 0.6360166551006246 0.8069908814589666 0.6360166551006246 0.6474164133738601 0.6426092990978487 0.6086626139817629 0.6363636363636364 0.587386018237082 0.6269951422623178 0.5843465045592705 0.6169326856349757 0.5805471124620061
0 0.6634281748785565 0.5782674772036475 0.6526717557251909 0.5835866261398176 0.6512838306731437 0.6071428571428571 0.655794587092297 0.6413373860182371 0.6658570437196392 0.6603343465045592 0.7040249826509368 0.7621580547112462 0.7126995142262318 0.7735562310030395 0.734559333795975 0.7424012158054711 0.7116585704371964 0.6268996960486323 0.7057598889659958 0.5949848024316109 0.7019430950728661 0.5615501519756839 0.6891047883414295 0.5547112462006079 0.6766134628730048 0.5706686930091185
0 0.7460097154753643 0.526595744680851 0.7529493407356003 0.5539513677811551 0.7557251908396947 0.5889057750759878 0.7706453851492019 0.6268996960486323 0.7845246356696738 0.6694528875379939 0.7744621790423317 0.702887537993921 0.7421929215822346 0.6816109422492401 0.7154753643303262 0.6223404255319149 0.7061068702290076 0.6071428571428571 0.7009021512838307 0.5592705167173252 0.7092297015961138 0.5516717325227963 0.7203331020124913 0.5562310030395137 0.7300485773768216 0.5417933130699089 0.738029146426093 0.5296352583586627
0 0.3410825815405968 0.567629179331307 0.3289382373351839 0.5729483282674772 0.32199861207494795 0.5797872340425532 0.32061068702290074 0.5919452887537994 0.32199861207494795 0.6056231003039514 0.32269257460097156 0.6200607902735562 0.32130464954892435 0.6405775075987842 0.29528105482303957 0.7348024316109423 0.28417765440666204 0.7689969604863222 0.3036086051353227 0.8016717325227963 0.3195697432338654 0.8024316109422492 0.33414295628036084 0.791033434650456 0.3518390006939625 0.7469604863221885 0.36016655100624567 0.6869300911854104 0.36433032616238725 0.6352583586626139 0.3691880638445524 0.6193009118541033 0.37300485773768216 0.5980243161094225 0.37404580152671757 0.5858662613981763 0.37196391394864675 0.5759878419452887 0.36398334489937545 0.5721884498480243 0.3570437196391395 0.5752279635258358 0.34871616932685634 0.567629179331307