2 0.26529890343119916 0.2629179331306991 0.24089140431552883 0.3123100303951368 0.23912274495932084 0.36854103343465044 0.24690484612663602 0.4270516717325228 0.2752033958259639 0.44452887537993924 0.2921825256455607 0.4369300911854103 0.313052706048815 0.3518237082066869 0.31941987973116376 0.27583586626139817 0.30102582242660064 0.2591185410334346
2 0.23275557127697205 0.5387537993920972 0.20870180403254332 0.5881458966565349 0.20481075344888575 0.6496960486322189 0.2207286876547577 0.6869300911854104 0.2458436505129112 0.7051671732522796 0.27591085956844713 0.6664133738601824 0.2776795189246551 0.5661094224924013 0.23983020870180402 0.5288753799392097
2 0.6791651927838698 0.24848024316109424 0.7209055535903784 0.24848024316109424 0.742483197736116 0.27811550151975684 0.7488503714184648 0.33206686930091184 0.7417757339936328 0.4156534954407295 0.6957905907322249 0.42857142857142855 0.6607711354793067 0.3890577507598784 0.6572338167668907 0.30927051671732525
2 0.7552175451008136 0.5220364741641338 0.7866996816413159 0.5661094224924013 0.7920056597099399 0.6398176291793313 0.7640608418818535 0.6884498480243161 0.7244428723027945 0.6762917933130699 0.7141846480367882 0.6147416413373861 0.7244428723027945 0.5509118541033434
0 0.32755571276972056 0.5775075987841946 0.32048107534488857 0.6193009118541033 0.31871241598868055 0.6542553191489362 0.29748850371418467 0.756838905775076 0.3119915104350902 0.790273556231003 0.33781393703572693 0.7940729483282675 0.366819950477538 0.7180851063829787 0.3728333922886452 0.668693009118541 0.3834453484258932 0.6238601823708206 0.3806154934559604 0.5828267477203647 0.3441811107180757 0.5699088145896657
0 0.3993632826317651 0.601063829787234 0.4156349487088787 0.5904255319148937 0.43084541917226743 0.6314589665653495 0.42730810045985146 0.6785714285714286 0.41811107180756985 0.8031914893617021 0.40042447824548993 0.8305471124620061 0.3908737177219668 0.8153495440729484 0.39370357269189954 0.7758358662613982 0.3965334276618323 0.7127659574468085 0.39441103643438274 0.6648936170212766 0.39405730456314114 0.6208206686930091
3 0.4690484612663601 0.41793313069908816 0.45843650512911216 0.3761398176291793 0.45454545454545453 0.32370820668693007 0.4789529536611249 0.31382978723404253 0.49557835160948 0.3366261398176292 0.49557835160948 0.3898176291793313 0.4994694021931376 0.48632218844984804 0.5019455252918288 0.5858662613981763 0.4644499469402193 0.5759878419452887 0.4648036788114609 0.5334346504559271 0.4672798019101521 0.46808510638297873
3 0.4977007428369296 0.32674772036474165 0.4966395472232048 0.3723404255319149 0.4998231340643792 0.46504559270516715 0.5015917934205872 0.5820668693009119 0.5330739299610895 0.574468085106383 0.5344888574460559 0.540273556231003 0.5341351255748142 0.49848024316109424 0.5281216837637072 0.44680851063829785 0.5210470463388751 0.3472644376899696 0.5146798726565264 0.30851063829787234
3 0.5525291828793775 0.4148936170212766 0.5521754510081358 0.3791793313069909 0.5620799434029006 0.33206686930091184 0.5426246904846127 0.3183890577507599 0.5238769013088079 0.3221884498480243 0.5235231694375663 0.35638297872340424 0.5277679518924655 0.44072948328267475 0.5259992925362575 0.506838905775076 0.5249380969225327 0.5326747720364742 0.5369649805447471 0.5585106382978723 0.5542978422355854 0.5433130699088146 0.556420233463035 0.4939209726443769
0 0.5960382030420941 0.6436170212765957 0.613724796604174 0.71580547112462 0.64379200565971 0.8054711246200608 0.6706756278740714 0.7963525835866262 0.686947293951185 0.7621580547112462 0.6720905553590378 0.675531914893617 0.6597099398655819 0.6337386018237082 0.6607711354793067 0.5965045592705167 0.6462681287584011 0.567629179331307 0.6123098691192076 0.5752279635258358 0.5967456667845773 0.5828267477203647 0.5903784931022286 0.5987841945288754 0.5900247612309869 0.6253799392097265
0 0.29961089494163423 0.5455927051671733 0.2822780332507959 0.5531914893617021 0.27201980898478956 0.6041033434650456 0.2543332154227096 0.6899696048632219 0.2454899186416696 0.736322188449848 0.2614078528475416 0.7629179331306991 0.2815705695083127 0.743920972644377 0.3031482136540502 0.7074468085106383 0.32720198089847896 0.6512158054711246 0.3406437920056597 0.6101823708206687 0.33816766890696853 0.5790273556231003 0.32684824902723736 0.5638297872340425 0.3105765829501238 0.5501519756838906 0.29536611248673506 0.541033434650456