2 0.2931754874651811 0.3683510638297872 0.2670612813370474 0.418218085106383 0.27019498607242337 0.44148936170212766 0.2827298050139276 0.4720744680851064 0.2942200557103064 0.48936170212765956 0.31928969359331477 0.4621010638297872 0.3293871866295265 0.418218085106383 0.34192200557103064 0.3550531914893617 0.32520891364902504 0.3324468085106383 0.30779944289693595 0.33311170212765956
2 0.25731197771587744 0.5644946808510638 0.2524373259052925 0.6230053191489362 0.24338440111420612 0.6908244680851063 0.2552228412256267 0.7074468085106383 0.2719359331476323 0.7247340425531915 0.28969359331476324 0.7087765957446809 0.3025766016713092 0.65625 0.314066852367688 0.6190159574468085 0.31720055710306405 0.5844414893617021 0.3064066852367688 0.5611702127659575 0.28342618384401114 0.5472074468085106 0.2684540389972145 0.5478723404255319
2 0.7486072423398329 0.5731382978723404 0.7771587743732591 0.5591755319148937 0.7893454038997214 0.5797872340425532 0.7980501392757661 0.6309840425531915 0.8098885793871866 0.6981382978723404 0.7907381615598886 0.7220744680851063 0.7764623955431755 0.7300531914893617 0.7625348189415042 0.7074468085106383 0.7479108635097493 0.6582446808510638 0.7364206128133705 0.6309840425531915 0.7364206128133705 0.574468085106383
2 0.7176183844011143 0.39694148936170215 0.7298050139275766 0.45611702127659576 0.7482590529247911 0.488031914893617 0.7782033426183844 0.4740691489361702 0.7865598885793872 0.4109042553191489 0.7747214484679665 0.3723404255319149 0.7541782729805014 0.331781914893617 0.7360724233983287 0.3204787234042553 0.7217966573816156 0.3371010638297872
0 0.6591225626740947 0.4242021276595745 0.6601671309192201 0.4973404255319149 0.6542479108635098 0.543218085106383 0.6601671309192201 0.5804521276595744 0.6834958217270195 0.589095744680851 0.7116991643454039 0.5718085106382979 0.7040389972144847 0.5152925531914894 0.7026462395543176 0.4714095744680851 0.7016016713091922 0.4208776595744681 0.6946378830083565 0.3803191489361702 0.6740947075208914 0.3696808510638298 0.6549442896935933 0.39361702127659576
0 0.700208913649025 0.3949468085106383 0.7040389972144847 0.4767287234042553 0.7040389972144847 0.5206117021276596 0.7078690807799443 0.567154255319149 0.7197075208913649 0.5777925531914894 0.7374651810584958 0.5691489361702128 0.7566155988857939 0.557845744680851 0.7562674094707521 0.519281914893617 0.7433844011142061 0.46476063829787234 0.7308495821727019 0.425531914893617 0.7207520891364902 0.3716755319148936 0.7036908077994429 0.36236702127659576
0 0.6375348189415042 0.4142287234042553 0.6291782729805014 0.5053191489361702 0.6232590529247911 0.5731382978723404 0.6340529247910863 0.5917553191489362 0.6563370473537604 0.5904255319148937 0.665041782729805 0.5804521276595744 0.666782729805014 0.5498670212765957 0.665041782729805 0.5106382978723404 0.661908077994429 0.4428191489361702 0.657033426183844 0.38896276595744683 0.6552924791086351 0.36103723404255317 0.6431058495821727 0.36103723404255317 0.6406685236768802 0.38896276595744683
0 0.6361420612813371 0.6050531914893617 0.658774373259053 0.6050531914893617 0.677924791086351 0.59375 0.6852367688022284 0.6123670212765957 0.6915041782729805 0.6589095744680851 0.7016016713091922 0.7400265957446809 0.7047353760445683 0.7746010638297872 0.692200557103064 0.7952127659574468 0.6664345403899722 0.7952127659574468 0.6556406685236769 0.7712765957446809 0.6444986072423399 0.7127659574468085 0.6389275766016713 0.6702127659574468 0.6305710306406686 0.6449468085106383 0.6305710306406686 0.620345744680851
0 0.31545961002785516 0.4315159574468085 0.30396935933147634 0.48271276595744683 0.29108635097493035 0.5159574468085106 0.2956128133704735 0.5398936170212766 0.306058495821727 0.5591755319148937 0.3241643454038997 0.569813829787234 0.34435933147632314 0.5631648936170213 0.3474930362116992 0.49601063829787234 0.35619777158774374 0.4002659574468085 0.3485376044568245 0.36569148936170215 0.32764623955431754 0.3696808510638298 0.31720055710306405 0.4089095744680851
0 0.39240947075208915 0.4461436170212766 0.3896239554317549 0.526595744680851 0.3864902506963788 0.550531914893617 0.3896239554317549 0.5777925531914894 0.3993732590529248 0.5917553191489362 0.4181754874651811 0.5844414893617021 0.4272284122562674 0.5684840425531915 0.4244428969359331 0.5246010638297872 0.4220055710306407 0.4787234042553192 0.4171309192200557 0.4308510638297872 0.407033426183844 0.38896276595744683 0.3983286908077994 0.37632978723404253 0.3889275766016713 0.37898936170212766
0 0.3687325905292479 0.5930851063829787 0.3603760445682451 0.6143617021276596 0.3568941504178273 0.632313829787234 0.3568941504178273 0.660904255319149 0.34366295264623953 0.738031914893617 0.3384401114206128 0.7639627659574468 0.3384401114206128 0.7819148936170213 0.35759052924791085 0.7852393617021277 0.375 0.7905585106382979 0.3868384401114206 0.7799202127659575 0.3972841225626741 0.730718085106383 0.40633704735376047 0.6728723404255319 0.4188718662952646 0.6409574468085106 0.4188718662952646 0.6023936170212766 0.3997214484679666 0.5964095744680851 0.38335654596100277 0.5944148936170213