3 0.40668523676880225 0.40425531914893614 0.3944986072423398 0.34375 0.40006963788300837 0.30319148936170215 0.4174791086350975 0.2839095744680851 0.43279944289693595 0.28191489361702127 0.443941504178273 0.31316489361702127 0.4495125348189415 0.34773936170212766 0.4453342618384401 0.3962765957446808 0.451949860724234 0.44481382978723405 0.45473537604456826 0.46143617021276595 0.43837047353760444 0.48603723404255317 0.4213091922005571 0.4946808510638298 0.4129526462395543 0.4820478723404255
2 0.25731197771587744 0.5086436170212766 0.2416434540389972 0.5398936170212766 0.2513927576601671 0.6775265957446809 0.2684540389972145 0.6875 0.30745125348189417 0.6894946808510638 0.31058495821727017 0.6017287234042553 0.32172701949860727 0.5299202127659575 0.2921309192200557 0.5066489361702128
1 0.3151114206128134 0.5518617021276596 0.3102367688022284 0.6070478723404256 0.3043175487465181 0.6549202127659575 0.3206824512534819 0.6894946808510638 0.3492339832869081 0.6934840425531915 0.3635097493036212 0.6223404255319149 0.37430362116991645 0.5738031914893617 0.37186629526462395 0.5179521276595744 0.34575208913649025 0.5345744680851063 0.3185933147632312 0.5378989361702128
1 0.5887883008356546 0.5797872340425532 0.6232590529247911 0.7539893617021277 0.6371866295264624 0.7413563829787234 0.6309192200557103 0.6735372340425532 0.6284818941504178 0.613031914893617 0.6267409470752089 0.5538563829787234 0.6131615598885793 0.543218085106383 0.5853064066852368 0.5472074468085106
0 0.628133704735376 0.5425531914893617 0.6149025069637883 0.5485372340425532 0.6173398328690808 0.581781914893617 0.6246518105849582 0.6316489361702128 0.6284818941504178 0.6968085106382979 0.6382311977715878 0.7393617021276596 0.6486768802228412 0.7526595744680851 0.6974233983286908 0.7267287234042553 0.6800139275766016 0.668218085106383 0.6737465181058496 0.6170212765957447 0.6793175487465181 0.5638297872340425 0.6733983286908078 0.5412234042553191 0.6448467966573816 0.5405585106382979
2 0.6935933147632312 0.5571808510638298 0.7186629526462396 0.5166223404255319 0.7364206128133705 0.5299202127659575 0.7583565459610028 0.5625 0.7886490250696379 0.5964095744680851 0.7886490250696379 0.6223404255319149 0.7792479108635098 0.660904255319149 0.7562674094707521 0.6795212765957447 0.721100278551532 0.6555851063829787 0.6901114206128134 0.6283244680851063 0.6793175487465181 0.601063829787234
0 0.7085654596100278 0.3670212765957447 0.7064763231197771 0.4095744680851064 0.7120473537604457 0.44680851063829785 0.7224930362116991 0.5126329787234043 0.7141364902506964 0.5339095744680851 0.6911559888579387 0.5525265957446809 0.6720055710306406 0.5365691489361702 0.6723537604456824 0.4886968085106383 0.6723537604456824 0.4454787234042553 0.6720055710306406 0.386968085106383 0.6720055710306406 0.34308510638297873 0.6733983286908078 0.32779255319148937 0.6901114206128134 0.33111702127659576
0 0.44080779944289694 0.32513297872340424 0.44324512534818944 0.386968085106383 0.43279944289693595 0.523936170212766 0.44254874651810583 0.5545212765957447 0.45090529247910865 0.5531914893617021 0.46274373259052926 0.5405585106382979 0.46518105849582175 0.5139627659574468 0.46692200557103064 0.4148936170212766 0.46552924791086353 0.32513297872340424 0.4592618384401114 0.2785904255319149 0.4418523676880223 0.2878989361702128
0 0.6406685236768802 0.3537234042553192 0.6284818941504178 0.43816489361702127 0.6159470752089137 0.488031914893617 0.6173398328690808 0.5305851063829787 0.6462395543175488 0.5445478723404256 0.6761838440111421 0.53125 0.6807103064066853 0.5132978723404256 0.6744428969359332 0.45611702127659576 0.6786211699164345 0.4148936170212766 0.6838440111420613 0.386968085106383 0.6855849582172702 0.3663563829787234 0.6733983286908078 0.34507978723404253 0.6559888579387186 0.3125 0.6444986072423399 0.31648936170212766 0.6438022284122563 0.34773936170212766
0 0.32590529247910865 0.3670212765957447 0.32903899721448465 0.425531914893617 0.3224233983286908 0.4966755319148936 0.32729805013927576 0.523936170212766 0.3610724233983287 0.5365691489361702 0.3802228412256267 0.5166223404255319 0.375 0.46808510638297873 0.37047353760445684 0.3896276595744681 0.3607242339832869 0.3351063829787234 0.3464484679665738 0.32845744680851063 0.32729805013927576 0.33643617021276595
0 0.36142061281337046 0.35438829787234044 0.37186629526462395 0.4434840425531915 0.37012534818941506 0.5 0.3777855153203343 0.5319148936170213 0.40564066852367686 0.5319148936170213 0.4233983286908078 0.5246010638297872 0.42618384401114207 0.4973404255319149 0.42513927576601673 0.45944148936170215 0.4126044568245125 0.4208776595744681 0.40041782729805014 0.3464095744680851 0.39240947075208915 0.31117021276595747 0.36176880222841223 0.32646276595744683