3 0.5114902506963789 0.5738031914893617 0.532033426183844 0.5784574468085106 0.5341225626740947 0.636968085106383 0.532033426183844 0.7081117021276596 0.5407381615598886 0.7473404255319149 0.5275069637883009 0.7752659574468085 0.5090529247910863 0.7726063829787234 0.5027855153203342 0.7493351063829787 0.5073119777158774 0.7180851063829787 0.5153203342618384 0.6961436170212766 0.512883008356546 0.6269946808510638 0.5094011142061281 0.5904255319148937
3 0.5853064066852368 0.5731382978723404 0.6117688022284122 0.5492021276595744 0.6277855153203342 0.5631648936170213 0.6333565459610028 0.5950797872340425 0.6337047353760445 0.6569148936170213 0.6371866295264624 0.7134308510638298 0.6514623955431755 0.7519946808510638 0.6427576601671309 0.7819148936170213 0.6305710306406686 0.7878989361702128 0.6197771587743732 0.7593085106382979 0.5981894150417827 0.6695478723404256 0.5835654596100278 0.6017287234042553 0.5821727019498607 0.5764627659574468
0 0.677924791086351 0.5585106382978723 0.6866295264623955 0.543218085106383 0.6984679665738162 0.543218085106383 0.7075208913649025 0.5339095744680851 0.7256267409470752 0.5365691489361702 0.7364206128133705 0.5930851063829787 0.7597493036211699 0.7207446808510638 0.7444289693593314 0.7473404255319149 0.7256267409470752 0.7446808510638298 0.6967270194986073 0.6722074468085106 0.6793175487465181 0.6103723404255319 0.6720055710306406 0.5897606382978723 0.6692200557103064 0.5684840425531915
1 0.6295264623955432 0.5611702127659575 0.6744428969359332 0.5565159574468085 0.6821030640668524 0.5824468085106383 0.6821030640668524 0.6243351063829787 0.7134401114206128 0.7420212765957447 0.6643454038997214 0.769281914893617 0.6385793871866295 0.7101063829787234 0.6277855153203342 0.6376329787234043 0.6173398328690808 0.6030585106382979 0.6243036211699164 0.5625
0 0.5550139275766016 0.569813829787234 0.5783426183844012 0.569813829787234 0.5804317548746518 0.613031914893617 0.5804317548746518 0.6788563829787234 0.5766016713091922 0.773936170212766 0.5637186629526463 0.7759308510638298 0.5553621169916435 0.7001329787234043 0.5511838440111421 0.6349734042553191 0.5490947075208914 0.601063829787234 0.5508356545961003 0.5804521276595744
0 0.5755571030640668 0.581781914893617 0.5922701949860725 0.5658244680851063 0.6058495821727019 0.5784574468085106 0.6086350974930362 0.6050531914893617 0.6044568245125348 0.7087765957446809 0.6020194986072424 0.7712765957446809 0.5898328690807799 0.7679521276595744 0.5779944289693594 0.7034574468085106 0.5748607242339833 0.6363031914893617 0.5713788300835655 0.5950797872340425
0 0.42374651810584957 0.5824468085106383 0.4387186629526462 0.5684840425531915 0.4491643454038997 0.5791223404255319 0.4543871866295265 0.601063829787234 0.45090529247910865 0.6389627659574468 0.443941504178273 0.7772606382978723 0.4331476323119777 0.7799202127659575 0.42792479108635095 0.7440159574468085 0.42409470752089135 0.6648936170212766 0.4195682451253482 0.6103723404255319
0 0.7103064066852368 0.363031914893617 0.7085654596100278 0.4375 0.7054317548746518 0.47074468085106386 0.7116991643454039 0.5219414893617021 0.7294568245125348 0.5339095744680851 0.754874651810585 0.511968085106383 0.7569637883008357 0.48936170212765956 0.7559192200557103 0.4640957446808511 0.7517409470752089 0.4341755319148936 0.7433844011142061 0.3650265957446808 0.7412952646239555 0.3178191489361702 0.7169220055710307 0.3211436170212766
0 0.66991643454039 0.3690159574468085 0.6639972144846796 0.4441489361702128 0.6556406685236769 0.4767287234042553 0.657033426183844 0.5219414893617021 0.6660863509749304 0.5378989361702128 0.6845403899721448 0.5398936170212766 0.7089136490250696 0.5412234042553191 0.7148328690807799 0.5146276595744681 0.7106545961002786 0.4654255319148936 0.7134401114206128 0.43617021276595747 0.7134401114206128 0.3723404255319149 0.7127437325905293 0.34175531914893614 0.6935933147632312 0.3238031914893617 0.6796657381615598 0.324468085106383 0.6685236768802229 0.34507978723404253
0 0.5595403899721448 0.36569148936170215 0.5598885793871866 0.4720744680851064 0.5623259052924791 0.5651595744680851 0.5863509749303621 0.5545212765957447 0.5884401114206128 0.5452127659574468 0.5887883008356546 0.5079787234042553 0.5866991643454039 0.4421542553191489 0.5783426183844012 0.35771276595744683 0.5713788300835655 0.3377659574468085 0.5591922005571031 0.3404255319148936
1 0.39623955431754876 0.4162234042553192 0.39415041782729804 0.4720744680851064 0.3906685236768802 0.543218085106383 0.4007660167130919 0.5598404255319149 0.41434540389972147 0.5631648936170213 0.42792479108635095 0.5398936170212766 0.43175487465181056 0.511968085106383 0.42653203342618384 0.4242021276595745 0.4188718662952646 0.35904255319148937 0.4025069637883008 0.32845744680851063 0.39032033426183843 0.32845744680851063
0 0.3426183844011142 0.4148936170212766 0.3492339832869081 0.4607712765957447 0.34435933147632314 0.5199468085106383 0.35376044568245124 0.555186170212766 0.3736072423398329 0.5545212765957447 0.39623955431754876 0.5438829787234043 0.403899721448468 0.5139627659574468 0.3955431754874652 0.4507978723404255 0.3906685236768802 0.3683510638297872 0.37848189415041783 0.34441489361702127 0.35724233983286907 0.3617021276595745 0.34401114206128136 0.39095744680851063
0 0.2841225626740947 0.3836436170212766 0.2667130919220056 0.46675531914893614 0.26253481894150416 0.49800531914893614 0.2722841225626741 0.5219414893617021 0.30118384401114207 0.5226063829787234 0.3137186629526462 0.511968085106383 0.318941504178273 0.4601063829787234 0.3255571030640669 0.37632978723404253 0.32486072423398327 0.35638297872340424 0.31337047353760444 0.3337765957446808 0.2970055710306407 0.3337765957446808 0.28481894150417825 0.3550531914893617
1 0.3168523676880223 0.40824468085106386 0.310933147632312 0.5026595744680851 0.34575208913649025 0.526595744680851 0.3513231197771588 0.5006648936170213 0.3513231197771588 0.45478723404255317 0.3447075208913649 0.3949468085106383 0.34052924791086353 0.3783244680851064 0.3224233983286908 0.37898936170212766
1 0.3206824512534819 0.5784574468085106 0.30919220055710306 0.6150265957446809 0.30327298050139273 0.6389627659574468 0.31197771587743733 0.6622340425531915 0.3360027855153203 0.6615691489361702 0.3610724233983287 0.6329787234042553 0.36559888579387184 0.6196808510638298 0.36664345403899723 0.5837765957446809 0.3551532033426184 0.5704787234042553 0.3370473537604457 0.569813829787234
0 0.41991643454038996 0.38231382978723405 0.4206128133704735 0.5026595744680851 0.4213091922005571 0.5545212765957447 0.4415041782729805 0.5545212765957447 0.4571727019498607 0.538563829787234 0.46518105849582175 0.5099734042553191 0.46309192200557103 0.43550531914893614 0.45020891364902504 0.37433510638297873 0.4453342618384401 0.3271276595744681 0.42374651810584957 0.3291223404255319