0 0.30602836879432627 0.4338905775075988 0.2936170212765957 0.4217325227963526 0.2897163120567376 0.41717325227963525 0.2847517730496454 0.4095744680851064 0.2847517730496454 0.37537993920972645 0.28829787234042553 0.34802431610942247 0.30035460992907803 0.3168693009118541 0.29858156028368793 0.1884498480243161 0.32127659574468087 0.19224924012158054 0.3301418439716312 0.22492401215805471 0.33156028368794327 0.3161094224924012 0.33191489361702126 0.34574468085106386 0.33191489361702126 0.3738601823708207 0.33085106382978724 0.39285714285714285 0.32588652482269503 0.42325227963525835 0.31560283687943264 0.43541033434650456
1 0.27375886524822696 0.3768996960486322 0.2542553191489362 0.3662613981762918 0.24929078014184397 0.3472644376899696 0.25177304964539005 0.32370820668693007 0.2624113475177305 0.29103343465045595 0.27375886524822696 0.24696048632218845 0.29219858156028367 0.19756838905775076 0.29858156028368793 0.23024316109422494 0.2904255319148936 0.3100303951367781 0.2875886524822695 0.3373860182370821 0.2872340425531915 0.3617021276595745 0.2815602836879433 0.3738601823708207
0 0.5290780141843971 0.4490881458966565 0.5283687943262412 0.4787234042553192 0.5453900709219858 0.48404255319148937 0.5549645390070922 0.46656534954407297 0.5556737588652483 0.439209726443769 0.551063829787234 0.4012158054711246 0.5468085106382978 0.3411854103343465 0.5308510638297872 0.2560790273556231 0.5180851063829788 0.26595744680851063 0.526595744680851 0.3822188449848024 0.526595744680851 0.4095744680851064
0 0.551063829787234 0.4012158054711246 0.5563829787234043 0.44224924012158057 0.5670212765957446 0.4513677811550152 0.5741134751773049 0.45972644376899696 0.5833333333333334 0.4582066869300912 0.5890070921985816 0.43009118541033436 0.5865248226950355 0.4012158054711246 0.5815602836879432 0.371580547112462 0.573404255319149 0.2872340425531915 0.5638297872340425 0.20972644376899696 0.5418439716312057 0.21808510638297873 0.549290780141844 0.3351063829787234 0.549290780141844 0.3662613981762918
0 0.6095744680851064 0.3981762917933131 0.6067375886524823 0.34422492401215804 0.6063829787234043 0.30623100303951367 0.6024822695035461 0.2591185410334346 0.6063829787234043 0.19224924012158054 0.6283687943262412 0.22492401215805471 0.6421985815602836 0.3768996960486322 0.6379432624113475 0.43009118541033436 0.6273049645390071 0.4338905775075988 0.6152482269503546 0.425531914893617
3 0.577304964539007 0.5965045592705167 0.5726950354609929 0.5395136778115501 0.5702127659574469 0.5273556231003039 0.5890070921985816 0.5 0.5985815602836879 0.506079027355623 0.6074468085106383 0.5189969604863222 0.6095744680851064 0.5683890577507599 0.6226950354609929 0.6952887537993921 0.6063829787234043 0.756838905775076 0.573049645390071 0.7340425531914894 0.5776595744680851 0.6565349544072948
0 0.6570921985815603 0.5615501519756839 0.6443262411347518 0.5258358662613982 0.6404255319148936 0.5030395136778115 0.6386524822695036 0.48024316109422494 0.6460992907801418 0.47416413373860183 0.6517730496453901 0.47416413373860183 0.6687943262411348 0.4551671732522796 0.6773049645390071 0.4635258358662614 0.6879432624113475 0.4825227963525836 0.699290780141844 0.520516717325228 0.7290780141843972 0.6132218844984803 0.7138297872340426 0.6390577507598785 0.674822695035461 0.5965045592705167
0 0.4624113475177305 0.5182370820668692 0.4879432624113475 0.5151975683890577 0.4897163120567376 0.5615501519756839 0.49042553191489363 0.7310030395136778 0.4702127659574468 0.7272036474164134
0 0.4379432624113475 0.5965045592705167 0.43546099290780144 0.5463525835866262 0.4372340425531915 0.5189969604863222 0.449290780141844 0.5151975683890577 0.4599290780141844 0.5311550151975684 0.4631205673758865 0.5638297872340425 0.4726950354609929 0.743161094224924 0.44858156028368795 0.756838905775076
1 0.40886524822695036 0.6724924012158054 0.4074468085106383 0.601823708206687 0.4074468085106383 0.5752279635258358 0.4067375886524823 0.5547112462006079 0.4145390070921986 0.5167173252279635 0.42021276595744683 0.4969604863221885 0.43156028368794325 0.520516717325228 0.43829787234042555 0.53419452887538 0.4379432624113475 0.5752279635258358 0.43333333333333335 0.6344984802431611 0.4308510638297872 0.7135258358662614 0.41312056737588654 0.7180851063829787
1 0.36879432624113473 0.7066869300911854 0.37127659574468086 0.6588145896656535 0.37836879432624115 0.6139817629179332 0.38333333333333336 0.5805471124620061 0.38581560283687943 0.5235562310030395 0.3872340425531915 0.5151975683890577 0.39680851063829786 0.5083586626139818 0.40921985815602835 0.5098784194528876 0.41631205673758864 0.520516717325228 0.41702127659574467 0.5516717325227963 0.41382978723404257 0.5691489361702128 0.38971631205673757 0.729483282674772
0 0.2663120567375887 0.6124620060790273 0.2815602836879433 0.5433130699088146 0.28581560283687946 0.506838905775076 0.29219858156028367 0.4810030395136778 0.30425531914893617 0.45364741641337386 0.32127659574468087 0.4566869300911854 0.33404255319148934 0.4726443768996961 0.3421985815602837 0.46580547112462006 0.3517730496453901 0.49164133738601823 0.34361702127659577 0.5258358662613982 0.3382978723404255 0.5569908814589666 0.3074468085106383 0.6534954407294833
1 0.22163120567375885 0.5493920972644377 0.22446808510638297 0.5151975683890577 0.2404255319148936 0.4787234042553192 0.24184397163120566 0.4551671732522796 0.2695035460992908 0.3966565349544073 0.2833333333333333 0.4217325227963526 0.2929078014184397 0.44224924012158057 0.29858156028368793 0.44224924012158057 0.3049645390070922 0.446048632218845 0.3028368794326241 0.4870820668693009 0.28936170212765955 0.513677811550152 0.27198581560283686 0.5721884498480243 0.24007092198581562 0.6033434650455927 0.22695035460992907 0.5775075987841946
1 0.33368794326241136 0.5478723404255319 0.33368794326241136 0.6117021276595744 0.3425531914893617 0.6299392097264438 0.3659574468085106 0.6177811550151976 0.38652482269503546 0.5759878419452887 0.3879432624113475 0.5296352583586627 0.36914893617021277 0.5159574468085106 0.3528368794326241 0.5159574468085106 0.34113475177304964 0.5220364741641338
0 0.575177304964539 0.4939209726443769 0.577304964539007 0.6861702127659575 0.601418439716312 0.7135258358662614 0.6131205673758865 0.6816109422492401 0.6120567375886525 0.5782674772036475 0.6102836879432624 0.5015197568389058