0 0.2669461914744934 0.26063829787234044 0.2641509433962264 0.32750759878419455 0.24388539482879107 0.44224924012158057 0.25611460517120893 0.4726443768996961 0.2676450034940601 0.48632218844984804 0.27882599580712786 0.4946808510638298 0.28721174004192873 0.4825227963525836 0.29245283018867924 0.4612462006079027 0.3001397624039133 0.36246200607902734 0.29350104821802936 0.25759878419452886
0 0.2938504542278127 0.26063829787234044 0.29909154437456326 0.3844984802431611 0.29315164220824597 0.4369300911854103 0.28791055206149546 0.48556231003039513 0.2921034241788959 0.5030395136778115 0.3074772886093641 0.5167173252279635 0.31795946890286514 0.5167173252279635 0.33298392732355 0.5007598784194529 0.3336827393431167 0.4726443768996961 0.3259958071278826 0.4095744680851064 0.3221523410202656 0.31534954407294835 0.31761006289308175 0.2682370820668693
0 0.35988819007686934 0.2872340425531915 0.3609364081062194 0.4247720364741641 0.3644304682040531 0.4521276595744681 0.36477987421383645 0.4612462006079027 0.36268343815513626 0.4756838905775076 0.35639412997903563 0.4878419452887538 0.3522012578616352 0.49620060790273557 0.34556254367575123 0.49848024316109424 0.336827393431167 0.4946808510638298 0.3326345213137666 0.49012158054711247 0.3312368972746331 0.48024316109422494 0.32879105520614954 0.4635258358662614 0.3273934311670161 0.4308510638297872 0.32424877707896577 0.40425531914893614 0.3221523410202656 0.30243161094224924
0 0.6247379454926625 0.2765957446808511 0.6156533892382949 0.4316109422492401 0.6128581411600279 0.5 0.6146051712089448 0.5243161094224924 0.6212438853948288 0.5395136778115501 0.6324248777078966 0.5395136778115501 0.6408106219426974 0.5197568389057751 0.6408106219426974 0.5 0.6436058700209644 0.46656534954407297 0.640461215932914 0.2826747720364742
0 0.6484975541579315 0.2925531914893617 0.6425576519916143 0.4870820668693009 0.6397624039133473 0.5075987841945289 0.6401118099231307 0.5273556231003039 0.6484975541579315 0.5364741641337386 0.66701607267645 0.5349544072948328 0.6785464709993012 0.5243161094224924 0.6872816212438854 0.506838905775076 0.6827393431167016 0.46656534954407297 0.6827393431167016 0.4126139817629179 0.6813417190775681 0.2948328267477204
0 0.686932215234102 0.2651975683890577 0.6813417190775681 0.3366261398176292 0.683088749126485 0.42933130699088146 0.6823899371069182 0.46808510638297873 0.6848357791754018 0.49164133738601823 0.6893780573025856 0.5098784194528876 0.6956673654786862 0.5212765957446809 0.7047519217330538 0.5189969604863222 0.7155835080363382 0.5075987841945289 0.7232704402515723 0.4886018237082067 0.7250174703004891 0.45592705167173253 0.7180293501048218 0.41641337386018235 0.7148846960167715 0.31534954407294835 0.716282320055905 0.2682370820668693
0 0.6226415094339622 0.574468085106383 0.6097134870719776 0.5759878419452887 0.6065688329839273 0.5866261398176292 0.6079664570230608 0.6025835866261399 0.6142557651991615 0.6322188449848024 0.6184486373165619 0.6466565349544073 0.639412997903564 0.8199088145896657 0.6879804332634522 0.7796352583586627 0.6666666666666666 0.6382978723404256 0.663172606568833 0.6124620060790273 0.6638714185883997 0.601063829787234 0.6649196366177498 0.587386018237082 0.6645702306079665 0.5767477203647416 0.6624737945492662 0.5691489361702128 0.6582809224318659 0.5653495440729484 0.6505939902166318 0.5600303951367781 0.6450034940600978 0.5585106382978723 0.6341719077568134 0.5539513677811551 0.6282320055904962 0.5706686930091185
0 0.6914744933612859 0.5364741641337386 0.6788958770090846 0.547112462006079 0.6666666666666666 0.5524316109422492 0.6628232005590496 0.5554711246200608 0.6568832983927324 0.5668693009118541 0.6551362683438156 0.574468085106383 0.6600279524807827 0.5942249240121581 0.6663172606568833 0.6048632218844985 0.6722571628232006 0.6375379939209727 0.6960167714884696 0.797112462006079 0.7396925227113906 0.7545592705167173 0.7208245981830887 0.6709726443768997 0.7145352900069881 0.6193009118541033 0.7155835080363382 0.5927051671732523 0.717330538085255 0.5683890577507599 0.713487071977638 0.5493920972644377 0.7075471698113207 0.5417933130699089
1 0.7354996505939903 0.5737082066869301 0.7236198462613557 0.581306990881459 0.717330538085255 0.5911854103343465 0.7155835080363382 0.5957446808510638 0.7124388539482879 0.6170212765957447 0.7145352900069881 0.6367781155015197 0.7183787561146052 0.6671732522796353 0.7211740041928721 0.6990881458966566 0.7306079664570231 0.7264437689969605 0.7382948986722572 0.7408814589665653 0.7620545073375262 0.7287234042553191 0.7718378756114606 0.7196048632218845 0.7756813417190775 0.6983282674772037 0.7721872816212438 0.6565349544072948 0.76659678546471 0.621580547112462 0.7582110412299091 0.5881458966565349 0.7445842068483578 0.5661094224924013
0 0.35988819007686934 0.5569908814589666 0.35394828791055205 0.5562310030395137 0.34835779175401815 0.5569908814589666 0.34556254367575123 0.560790273556231 0.343466107617051 0.5661094224924013 0.34276729559748426 0.5797872340425532 0.3413696715583508 0.5904255319148937 0.3392732354996506 0.6056231003039514 0.3361285814116003 0.6193009118541033 0.30677847658979734 0.790273556231003 0.35709294199860236 0.8123100303951368 0.3752620545073375 0.6466565349544073 0.3829489867225716 0.6094224924012158 0.3857442348008386 0.5911854103343465 0.3843466107617051 0.5714285714285714 0.3787561146051712 0.5600303951367781 0.3731656184486373 0.5600303951367781
0 0.31516422082459816 0.5334346504559271 0.30363382250174703 0.5364741641337386 0.3001397624039133 0.5463525835866262 0.2962962962962963 0.5630699088145896 0.2917540181691125 0.5919452887537994 0.2606568832983927 0.7553191489361702 0.3057302585604472 0.790273556231003 0.33647798742138363 0.6208206686930091 0.3417190775681342 0.5927051671732523 0.3438155136268344 0.5797872340425532 0.34311670160726765 0.5714285714285714 0.33787561146051714 0.5585106382978723 0.3326345213137666 0.5509118541033434 0.32669461914744935 0.5448328267477204
0 0.273235499650594 0.5037993920972644 0.26275331935709295 0.5022796352583586 0.25401816911250874 0.5007598784194529 0.2477288609364081 0.5053191489361702 0.24143955276030749 0.5197568389057751 0.23724668064290705 0.5509118541033434 0.20649895178197064 0.6998480243161094 0.2554157931516422 0.7515197568389058 0.2886093640810622 0.6155015197568389 0.2952480782669462 0.5714285714285714 0.3004891684136967 0.5319148936170213 0.2907058001397624 0.5151975683890577 0.2805730258560447 0.5167173252279635