1 0.6090225563909775 0.5379939209726444 0.5963773069036227 0.5714285714285714 0.6281613123718387 0.7317629179331308 0.6469583048530417 0.7727963525835866 0.6780587833219412 0.7256838905775076 0.6664388243335612 0.6800911854103343 0.6558441558441559 0.621580547112462 0.6537935748462064 0.5706686930091185 0.6541353383458647 0.5501519756838906 0.6476418318523581 0.5379939209726444 0.6172248803827751 0.5296352583586627
2 0.6616541353383458 0.2507598784194529 0.6640464798359536 0.30243161094224924 0.6869446343130554 0.34574468085106386 0.7136021872863978 0.28799392097264437 0.7142857142857143 0.22872340425531915 0.7016404647983595 0.18161094224924013 0.6838687628161313 0.182370820668693 0.67053998632946 0.19680851063829788
2 0.7235133287764867 0.48632218844984804 0.7433356117566644 0.5151975683890577 0.7535885167464115 0.5767477203647416 0.754272043745728 0.6200607902735562 0.7419685577580314 0.6633738601823708 0.7252221462747779 0.6747720364741642 0.7050580997949419 0.6527355623100304 0.6917293233082706 0.6170212765957447 0.689336978810663 0.5706686930091185 0.6982228298017772 0.5326747720364742 0.7129186602870813 0.5045592705167173
2 0.2672590567327409 0.5235562310030395 0.24401913875598086 0.5577507598784195 0.23342447026657553 0.6329787234042553 0.24675324675324675 0.6838905775075987 0.26452494873547505 0.7051671732522796 0.2833219412166781 0.7006079027355623 0.3058783321941217 0.6527355623100304 0.31510594668489406 0.6063829787234043 0.30861244019138756 0.5569908814589666 0.2928913192071087 0.5326747720364742 0.2747778537252221 0.526595744680851
2 0.2891319207108681 0.1474164133738602 0.27751196172248804 0.17325227963525835 0.2727272727272727 0.2127659574468085 0.2768284347231716 0.270516717325228 0.2884483937115516 0.3100303951367781 0.30485304169514693 0.31762917933130697 0.3233082706766917 0.2864741641337386 0.3321941216678059 0.2393617021276596 0.3315105946684894 0.19832826747720364 0.31510594668489406 0.1595744680851064 0.29562542720437457 0.1466565349544073
0 0.4524948735475051 0.32978723404255317 0.45112781954887216 0.3639817629179331 0.4395078605604921 0.4452887537993921 0.43609022556390975 0.5167173252279635 0.4388243335611757 0.5592705167173252 0.46582365003417636 0.5554711246200608 0.47163362952836635 0.5250759878419453 0.47026657552973344 0.46580547112462006 0.47265892002734106 0.4034954407294833 0.47334244702665756 0.35106382978723405 0.4699248120300752 0.310790273556231 0.4569377990430622 0.303951367781155
0 0.47231715652768286 0.3229483282674772 0.4654818865345181 0.4156534954407295 0.4606971975393028 0.4946808510638298 0.461038961038961 0.5585106382978723 0.5003417634996582 0.5531914893617021 0.49419002050580996 0.4490881458966565 0.49111414900888584 0.3487841945288754 0.487012987012987 0.2993920972644377 0.4750512645249487 0.29711246200607905
0 0.49760765550239233 0.32370820668693007 0.4924812030075188 0.39969604863221886 0.4945317840054682 0.45972644376899696 0.4945317840054682 0.5486322188449848 0.5266575529733425 0.547112462006079 0.5297334244702666 0.5250759878419453 0.5249487354750513 0.42933130699088146 0.5198222829801777 0.3366261398176292 0.5140123034859877 0.28799392097264437 0.5023923444976076 0.2811550151975684
0 0.5249487354750513 0.31155015197568386 0.518796992481203 0.3723404255319149 0.5201640464798359 0.4521276595744681 0.5205058099794941 0.5220364741641338 0.5290498974709501 0.5440729483282675 0.5457963089542037 0.5326747720364742 0.551948051948052 0.506079027355623 0.5509227614490773 0.4703647416413374 0.5461380724538619 0.3958966565349544 0.5430622009569378 0.3556231003039514 0.5430622009569378 0.2986322188449848 0.5420369104579631 0.2826747720364742 0.5328092959671907 0.2826747720364742
0 0.3588516746411483 0.5455927051671733 0.35406698564593303 0.5987841945288754 0.3332194121667806 0.7553191489361702 0.35509227614490774 0.78419452887538 0.3827751196172249 0.7530395136778115 0.39302802460697195 0.6793313069908815 0.3967874231032126 0.6276595744680851 0.41216678058783324 0.5714285714285714 0.3790157211209843 0.5425531914893617
0 0.33561175666438825 0.4969604863221885 0.3462064251537936 0.4194528875379939 0.3585099111414901 0.3282674772036474 0.37867395762132605 0.32750759878419455 0.3827751196172249 0.37537993920972645 0.37593984962406013 0.42401215805471126 0.3749145591250854 0.4551671732522796 0.3738892686261107 0.5250759878419453 0.3472317156527683 0.520516717325228 0.33458646616541354 0.5083586626139818