0 0.12315875613747954 0.36436170212765956 0.1190671031096563 0.44481382978723405 0.11292962356792144 0.46941489361702127 0.13175122749590834 0.5272606382978723 0.17144026186579378 0.5079787234042553 0.17471358428805236 0.47606382978723405 0.1698036006546645 0.418218085106383 0.18289689034369885 0.35305851063829785 0.15671031096563012 0.3390957446808511 0.12847790507364976 0.34375
0 0.251227495908347 0.35638297872340424 0.23527004909983634 0.4461436170212766 0.2328150572831424 0.5059840425531915 0.24672667757774142 0.5226063829787234 0.26595744680851063 0.5199468085106383 0.27782324058919805 0.49601063829787234 0.27782324058919805 0.45611702127659576 0.2806873977086743 0.3836436170212766 0.2806873977086743 0.34375 0.27168576104746317 0.31449468085106386 0.2549099836333879 0.31449468085106386
0 0.705810147299509 0.37699468085106386 0.7029459901800328 0.44680851063829785 0.6947626841243862 0.48736702127659576 0.7013093289689034 0.5199468085106383 0.7168576104746317 0.5319148936170213 0.7418166939443536 0.5166223404255319 0.7594108019639935 0.4740691489361702 0.7520458265139116 0.43882978723404253 0.7647299509001637 0.3829787234042553 0.7618657937806874 0.3583776595744681 0.7434533551554828 0.3470744680851064 0.7184942716857611 0.3470744680851064
0 0.6546644844517185 0.3796542553191489 0.6481178396072013 0.44813829787234044 0.63379705400982 0.49867021276595747 0.6419803600654664 0.5232712765957447 0.6612111292962357 0.535904255319149 0.6865793780687398 0.5325797872340425 0.6996726677577741 0.511968085106383 0.6992635024549918 0.46476063829787234 0.707037643207856 0.4175531914893617 0.7123567921440261 0.36103723404255317 0.6775777414075287 0.3410904255319149
0 0.570785597381342 0.5724734042553191 0.5846972176759411 0.5565159574468085 0.6006546644844517 0.5664893617021277 0.6284779050736498 0.5664893617021277 0.6387070376432079 0.5831117021276596 0.632569558101473 0.6456117021276596 0.6456628477905073 0.745345744680851 0.6342062193126022 0.7686170212765957 0.589607201309329 0.7759308510638298 0.5740589198036007 0.632313829787234
0 0.21849427168576105 0.5711436170212766 0.1988543371522095 0.7599734042553191 0.21972176759410803 0.776595744680851 0.25981996726677575 0.7679521276595744 0.27291325695581015 0.644281914893617 0.2839607201309329 0.5704787234042553 0.22831423895253683 0.5591755319148937
0 0.0969721767594108 0.5372340425531915 0.08756137479541735 0.5784574468085106 0.08387888707037643 0.6788563829787234 0.10106382978723404 0.6954787234042553 0.11783960720130933 0.6934840425531915 0.132569558101473 0.6748670212765957 0.14525368248772505 0.6243351063829787 0.16243862520458266 0.5472074468085106 0.132569558101473 0.5305851063829787 0.10351882160392799 0.5305851063829787
0 0.3760229132569558 0.5598404255319149 0.40180032733224225 0.5558510638297872 0.40711947626841244 0.6090425531914894 0.40507364975450083 0.6662234042553191 0.40425531914893614 0.7293882978723404 0.40180032733224225 0.754654255319149 0.38461538461538464 0.7566489361702128 0.37847790507364976 0.7167553191489362 0.3760229132569558 0.6708776595744681 0.3760229132569558 0.6143617021276596
0 0.3146481178396072 0.5757978723404256 0.3027823240589198 0.601063829787234 0.3044189852700491 0.6595744680851063 0.3097381342062193 0.7420212765957447 0.3158756137479542 0.7679521276595744 0.32978723404255317 0.761968085106383 0.3416530278232406 0.6901595744680851 0.3424713584288052 0.6283244680851063 0.3453355155482815 0.5964095744680851 0.32364975450081834 0.5644946808510638
0 0.337152209492635 0.5797872340425532 0.3514729950900164 0.5465425531914894 0.36824877250409166 0.5585106382978723 0.37561374795417346 0.569813829787234 0.3739770867430442 0.6436170212765957 0.368657937806874 0.7493351063829787 0.367430441898527 0.7819148936170213 0.34942716857610473 0.785904255319149 0.3400163666121113 0.7799202127659575 0.33797054009819966 0.7081117021276596 0.338379705400982 0.6429521276595744
0 0.4746317512274959 0.5764627659574468 0.5012274959083469 0.5465425531914894 0.513911620294599 0.5857712765957447 0.5155482815057283 0.6110372340425532 0.5098199672667758 0.6901595744680851 0.5098199672667758 0.7892287234042553 0.4864975450081833 0.7978723404255319 0.47299509001636664 0.7007978723404256 0.47217675941080195 0.6269946808510638
0 0.5110474631751227 0.5804521276595744 0.5319148936170213 0.5571808510638298 0.5499181669394435 0.5904255319148937 0.5478723404255319 0.6349734042553191 0.5351882160392799 0.7513297872340425 0.5175941080196399 0.7626329787234043 0.5102291325695582 0.7360372340425532 0.5069558101472995 0.6941489361702128 0.5094108019639935 0.6462765957446809 0.5077741407528642 0.6123670212765957 0.5077741407528642 0.5857712765957447