0 0.3535534816941852 0.42021276595744683 0.3535534816941852 0.4369300911854103 0.35642498205312273 0.45896656534954405 0.3621679827709978 0.506079027355623 0.36324479540559945 0.5493920972644377 0.3621679827709978 0.5866261398176292 0.35247666905958364 0.6132218844984803 0.34099066762383345 0.6155015197568389 0.3137114142139268 0.5987841945288754 0.3119167264895908 0.5509118541033434 0.3237616654702082 0.5098784194528876 0.3284278535534817 0.4574468085106383 0.32914572864321606 0.4088145896656535 0.34565685570710697 0.39361702127659576
1 0.5531227566403446 0.3966565349544073 0.5466618808327351 0.4521276595744681 0.544508255563532 0.5113981762917933 0.544508255563532 0.5691489361702128 0.5430725053840632 0.6337386018237082 0.574300071787509 0.6382978723404256 0.574300071787509 0.6162613981762918 0.5735821966977745 0.5509118541033434 0.5678391959798995 0.5030395136778115 0.5649676956209619 0.45440729483282677 0.5660445082555635 0.4027355623100304
0 0.5832735104091888 0.4209726443768997 0.5775305096913137 0.44756838905775076 0.5707106963388371 0.5258358662613982 0.5656855707106964 0.5630699088145896 0.5685570710696339 0.621580547112462 0.5843503230437904 0.6474164133738601 0.6015793251974156 0.6276595744680851 0.5997846374730796 0.53419452887538 0.6008614501076812 0.4673252279635258 0.5958363244795406 0.4209726443768997
1 0.6087580760947595 0.6557750759878419 0.6051687006460876 0.6740121580547113 0.6051687006460876 0.6922492401215805 0.6069633883704235 0.7378419452887538 0.6127063890882987 0.7864741641337386 0.628140703517588 0.8624620060790273 0.6471643933955492 0.8563829787234043 0.6471643933955492 0.7735562310030395 0.6489590811198851 0.7074468085106383 0.6399856424982053 0.6800911854103343 0.6371141421392678 0.6618541033434651
1 0.678391959798995 0.6306990881458967 0.6317300789662599 0.6443768996960486 0.6267049533381192 0.6648936170212766 0.6324479540559943 0.6914893617021277 0.6421392677674085 0.7348024316109423 0.6442928930366116 0.7674772036474165 0.6471643933955492 0.8001519756838906 0.6557788944723618 0.831306990881459 0.6704953338119167 0.8442249240121581 0.6823402727925341 0.8343465045592705 0.697056712132089 0.8199088145896657 0.6909547738693468 0.7735562310030395 0.6848528356066045 0.7332826747720365 0.6787508973438622 0.7104863221884499
0 0.38621679827709976 0.6648936170212766 0.38226848528356067 0.6937689969604863 0.38226848528356067 0.7515197568389058 0.3801148600143575 0.7986322188449848 0.3808327351040919 0.8731003039513677 0.4063173007896626 0.8768996960486323 0.4167264895908112 0.7857142857142857 0.4267767408470926 0.7082066869300911 0.4217516152189519 0.6648936170212766 0.40559942569992824 0.6588145896656535
0 0.36324479540559945 0.6299392097264438 0.34565685570710697 0.6466565349544073 0.3388370423546303 0.6937689969604863 0.3388370423546303 0.7408814589665653 0.33058147882268485 0.7849544072948328 0.3226848528356066 0.831306990881459 0.3589375448671931 0.8670212765957447 0.37760229720028715 0.8115501519756839 0.3854989231873654 0.743161094224924 0.4005743000717875 0.6572948328267477 0.38944723618090454 0.6299392097264438
0 0.2903804737975592 0.8161094224924013 0.31299353912419237 0.7857142857142857 0.32340272792534097 0.756838905775076 0.33632447954055994 0.7142857142857143 0.35139985642498206 0.6618541033434651 0.35247666905958364 0.6398176291793313 0.33488872936109115 0.6193009118541033 0.30868628858578606 0.5987841945288754 0.2989949748743719 0.6314589665653495 0.2921751615218952 0.6869300911854104 0.27351040918880115 0.7256838905775076 0.26740847092605885 0.7803951367781155
2 0.28391959798994976 0.3305471124620061 0.2659727207465901 0.3822188449848024 0.25771715721464467 0.44376899696048633 0.29361091170136394 0.4756838905775076 0.3173007896625987 0.44148936170212766 0.3176597272074659 0.3951367781155015 0.3151471643933956 0.3404255319148936 0.29504666188083273 0.324468085106383
2 0.7106963388370423 0.32978723404255317 0.7282842785355348 0.34498480243161095 0.7447954055994257 0.3761398176291793 0.7505384063173008 0.40577507598784196 0.7455132806891601 0.44376899696048633 0.7275664034458005 0.4848024316109423 0.7103374012921752 0.46580547112462006 0.6959798994974874 0.4316109422492401 0.6905958363244795 0.38753799392097266 0.697056712132089 0.34498480243161095
2 0.7519741564967696 0.5972644376899696 0.7724335965541995 0.6185410334346505 0.7867910983488873 0.6572948328267477 0.7946877243359656 0.6907294832826748 0.7896625987078248 0.7272036474164134 0.7742282842785355 0.7591185410334347 0.7368987796123474 0.7424012158054711 0.7236180904522613 0.7074468085106383 0.7236180904522613 0.6618541033434651 0.7351040918880115 0.6132218844984803