0 0.3018802228412256 0.5804521276595744 0.29735376044568246 0.668218085106383 0.29352367688022285 0.7533244680851063 0.3071030640668524 0.7732712765957447 0.32625348189415043 0.7652925531914894 0.3408774373259053 0.7320478723404256 0.3530640668523677 0.6781914893617021 0.3555013927576602 0.6382978723404256 0.35967966573816157 0.6077127659574468 0.35967966573816157 0.5638297872340425 0.34331476323119775 0.5611702127659575 0.3185933147632312 0.5571808510638298 0.3088440111420613 0.5684840425531915
3 0.3544568245125348 0.5678191489361702 0.35341225626740946 0.5950797872340425 0.35619777158774374 0.6575797872340425 0.3502785515320334 0.7613031914893617 0.3722144846796657 0.776595744680851 0.3986768802228412 0.7785904255319149 0.40459610027855153 0.7726063829787234 0.41190807799442897 0.7327127659574468 0.4073816155988858 0.6509308510638298 0.4052924791086351 0.6243351063829787 0.4077298050139276 0.5917553191489362 0.40459610027855153 0.5538563829787234 0.375 0.5492021276595744 0.358983286908078 0.5538563829787234
0 0.39763231197771587 0.5718085106382979 0.40598885793871864 0.6349734042553191 0.4139972144846797 0.761968085106383 0.42862116991643456 0.7639627659574468 0.4362813370473538 0.7014627659574468 0.4373259052924791 0.6389627659574468 0.4348885793871866 0.5990691489361702 0.43454038997214484 0.550531914893617 0.41051532033426186 0.5425531914893617 0.4014623955431755 0.555186170212766
3 0.4516016713091922 0.550531914893617 0.4543871866295265 0.6143617021276596 0.46030640668523676 0.7007978723404256 0.46901114206128136 0.726063829787234 0.46518105849582175 0.7539893617021277 0.4505571030640669 0.7666223404255319 0.439066852367688 0.7513297872340425 0.43697771587743733 0.711436170212766 0.4331476323119777 0.6396276595744681 0.42479108635097496 0.5924202127659575 0.423050139275766 0.5691489361702128 0.42862116991643456 0.5565159574468085 0.4505571030640669 0.5418882978723404
0 0.575208913649025 0.567154255319149 0.58008356545961 0.6349734042553191 0.583217270194986 0.7174202127659575 0.592966573816156 0.7446808510638298 0.6103760445682451 0.7300531914893617 0.604108635097493 0.629654255319149 0.6058495821727019 0.589095744680851 0.6072423398328691 0.5259308510638298 0.5863509749303621 0.5272606382978723 0.5741643454038997 0.535904255319149
0 0.6615598885793872 0.5797872340425532 0.6876740947075209 0.6875 0.7123955431754875 0.7300531914893617 0.7284122562674095 0.7440159574468085 0.7461699164345403 0.711436170212766 0.7437325905292479 0.6788563829787234 0.7287604456824512 0.5924202127659575 0.721100278551532 0.5345744680851063 0.7137883008356546 0.5226063829787234 0.7012534818941504 0.5226063829787234 0.6768802228412256 0.5325797872340425 0.661908077994429 0.5425531914893617
0 0.25591922005571033 0.4341755319148936 0.2646239554317549 0.4946808510638298 0.26880222841225626 0.5738031914893617 0.2956128133704735 0.5784574468085106 0.3147632311977716 0.5684840425531915 0.3151114206128134 0.5325797872340425 0.30919220055710306 0.48138297872340424 0.298050139275766 0.4009308510638298 0.28307799442896936 0.37898936170212766 0.2614902506963788 0.37367021276595747 0.24930362116991645 0.4242021276595745
0 0.29874651810584957 0.40625 0.30919220055710306 0.49601063829787234 0.31337047353760444 0.5565159574468085 0.3231197771587744 0.5691489361702128 0.334958217270195 0.5718085106382979 0.35584958217270196 0.5638297872340425 0.3635097493036212 0.5405585106382979 0.3628133704735376 0.5006648936170213 0.3426183844011142 0.4315159574468085 0.32903899721448465 0.3636968085106383 0.31162952646239556 0.3523936170212766 0.29491643454038996 0.39561170212765956
0 0.5557103064066853 0.3304521276595745 0.5487465181058496 0.4607712765957447 0.5501392757660167 0.5319148936170213 0.5689415041782729 0.5319148936170213 0.5748607242339833 0.523936170212766 0.5755571030640668 0.4900265957446808 0.5769498607242339 0.41688829787234044 0.5779944289693594 0.3324468085106383 0.5769498607242339 0.31316489361702127 0.5619777158774373 0.3151595744680851
0 0.6222144846796658 0.32646276595744683 0.6211699164345403 0.43550531914893614 0.6222144846796658 0.511968085106383 0.629874651810585 0.5325797872340425 0.645891364902507 0.5372340425531915 0.6577298050139275 0.519281914893617 0.6622562674094707 0.5086436170212766 0.6577298050139275 0.45478723404255317 0.650766016713092 0.37101063829787234 0.6497214484679665 0.31050531914893614 0.633008356545961 0.3058510638297872 0.625 0.3191489361702128
0 0.6552924791086351 0.3683510638297872 0.6556406685236769 0.45944148936170215 0.6500696378830083 0.48736702127659576 0.6532033426183844 0.519281914893617 0.6629526462395543 0.5299202127659575 0.6880222841225627 0.5398936170212766 0.7085654596100278 0.526595744680851 0.7113509749303621 0.49867021276595747 0.7071727019498607 0.4321808510638298 0.709958217270195 0.36569148936170215 0.6991643454038997 0.31449468085106386 0.6720055710306406 0.31050531914893614 0.6598189415041783 0.324468085106383
1 0.6176880222841226 0.5285904255319149 0.6023676880222841 0.5425531914893617 0.6013231197771588 0.5824468085106383 0.6037604456824512 0.6775265957446809 0.6117688022284122 0.7553191489361702 0.6246518105849582 0.7553191489361702 0.6309192200557103 0.7400265957446809 0.6309192200557103 0.6855053191489362 0.6357938718662952 0.6097074468085106 0.6368384401114207 0.5757978723404256 0.6326601671309192 0.5378989361702128
1 0.7489554317548747 0.3503989361702128 0.7489554317548747 0.43949468085106386 0.7524373259052924 0.5226063829787234 0.7931754874651811 0.5226063829787234 0.7959610027855153 0.44481382978723405 0.7719359331476323 0.34242021276595747
0 0.7148328690807799 0.32779255319148937 0.7040389972144847 0.4521276595744681 0.7068245125348189 0.5252659574468085 0.7513927576601671 0.5166223404255319 0.7517409470752089 0.4660904255319149 0.7472144846796658 0.38563829787234044 0.7440807799442897 0.29521276595744683 0.7193593314763231 0.30518617021276595