2 0.2507891967730621 0.5524316109422492 0.23675903191862505 0.5987841945288754 0.2378112942827078 0.64209726443769 0.25184145913714484 0.6724924012158054 0.2630655910206945 0.6831306990881459 0.27639424763240966 0.6793313069908815 0.28691687127323745 0.6565349544072948 0.2914766748509295 0.6117021276595744 0.2830585759382673 0.5706686930091185 0.26376709926341635 0.5395136778115501
2 0.2830585759382673 0.3404255319148936 0.2728867064188004 0.3829787234042553 0.27884952648193617 0.4316109422492401 0.3023500526131182 0.4612462006079027 0.32199228340933006 0.4369300911854103 0.3297088740792704 0.3898176291793313 0.32620133286566116 0.34194528875379937 0.3076113644335321 0.31458966565349544
2 0.6864258155033321 0.3252279635258359 0.7046650298141003 0.3343465045592705 0.720448965275342 0.3556231003039514 0.7330761136443353 0.39893617021276595 0.7320238512802525 0.44072948328267475 0.7043142756927394 0.45288753799392095 0.682918274289723 0.45972644376899696 0.6706418800420905 0.42933130699088146 0.6650298141003157 0.364741641337386 0.6709926341634515 0.324468085106383
2 0.7362329007365837 0.5417933130699089 0.7569273938968782 0.5524316109422492 0.7713083128726762 0.5820668693009119 0.7783233952998948 0.6246200607902735 0.7737635917222028 0.6595744680851063 0.7614871974745703 0.6831306990881459 0.7390389337074711 0.6876899696048632 0.725008768853034 0.6679331306990881 0.7169414240617328 0.6443768996960486 0.7165906699403718 0.6193009118541033 0.7193967029112592 0.5904255319148937 0.7267625394598387 0.5691489361702128
0 0.29743949491406524 0.5721884498480243 0.29358119957909506 0.6223404255319149 0.27323746054016135 0.7127659574468085 0.27323746054016135 0.7378419452887538 0.29217818309365134 0.7515197568389058 0.3062083479480884 0.7401215805471124 0.3160294633461943 0.7013677811550152 0.32725359522974395 0.6648936170212766 0.34093300596282006 0.6375379939209727 0.34724658014731674 0.6109422492401215 0.3454928095405121 0.5858662613981763 0.326902841108383 0.5683890577507599 0.3118204138898632 0.5486322188449848 0.2981410031567871 0.5493920972644377
0 0.34093300596282006 0.5957446808510638 0.336373202385128 0.6428571428571429 0.3048053314626447 0.7393617021276596 0.31111890564714134 0.763677811550152 0.331813398807436 0.7857142857142857 0.3444405471764293 0.7872340425531915 0.35776920378814453 0.7401215805471124 0.3686425815503332 0.6960486322188449 0.38653104173974046 0.6550151975683891 0.3847772711329358 0.6352583586626139 0.36723956506488953 0.6109422492401215 0.34864959663276046 0.5934650455927052
1 0.34408979305506837 0.38677811550151975 0.33111189056471413 0.4764437689969605 0.3254998246229393 0.5098784194528876 0.32479831638021744 0.5509118541033434 0.34198526832690285 0.5737082066869301 0.35776920378814453 0.5737082066869301 0.3682918274289723 0.5714285714285714 0.3707471062784988 0.5334346504559271 0.3689933356716941 0.49240121580547114 0.369694843914416 0.4369300911854103 0.3682918274289723 0.3738601823708207 0.3630305156085584 0.3351063829787234 0.355313924938618 0.3343465045592705 0.34829884251139953 0.3586626139817629
0 0.44054717642932306 0.4088145896656535 0.44054717642932306 0.4825227963525836 0.43528586460890917 0.5433130699088146 0.4412486846720449 0.5835866261398176 0.4615924237109786 0.5851063829787234 0.4682567520168362 0.5752279635258358 0.4668537355313925 0.5509118541033434 0.4640477025605051 0.5121580547112462 0.46229393195370044 0.44224924012158057 0.46124166958961765 0.40501519756838905 0.4559803577692038 0.36930091185410335 0.4437039635215714 0.3700607902735562
0 0.46369694843914416 0.38677811550151975 0.4619431778323395 0.49012158054711247 0.46054016134689585 0.547112462006079 0.4626446860750614 0.5949848024316109 0.48368993335671695 0.5949848024316109 0.49631708172571026 0.5896656534954408 0.4952648193616275 0.5053191489361702 0.4924587863907401 0.4430091185410334 0.48474219572079974 0.3799392097264438 0.47211504735180637 0.35030395136778114 0.4650999649245879 0.36854103343465044
0 0.4970185899684321 0.3844984802431611 0.4949140652402666 0.46048632218844987 0.49316029463346195 0.5843465045592705 0.5247281655559453 0.587386018237082 0.5278849526481936 0.5630699088145896 0.5278849526481936 0.49772036474164133 0.5278849526481936 0.43541033434650456 0.5268326902841108 0.3708206686930091 0.5191160996141705 0.3373860182370821 0.5043844265170115 0.3373860182370821 0.4970185899684321 0.3677811550151976
0 0.5268326902841108 0.4095744680851064 0.5271834444054717 0.5820668693009119 0.5524377411434584 0.5805471124620061 0.5552437741143459 0.5281155015197568 0.5531392493861803 0.4673252279635258 0.5506839705366539 0.41185410334346506 0.5443703963521571 0.35638297872340424 0.5320940021045247 0.3465045592705167 0.5271834444054717 0.3617021276595745
1 0.629954401964223 0.371580547112462 0.6239915819010874 0.4521276595744681 0.6155734829884251 0.5258358662613982 0.6260961066292529 0.5699088145896657 0.6474921080322694 0.5775075987841946 0.6671343388284813 0.5501519756838906 0.6657313223430376 0.5129179331306991 0.6576639775517362 0.43617021276595747 0.6559102069449316 0.3609422492401216 0.6436338126972992 0.33966565349544076
1 0.611013679410733 0.7036474164133738 0.6513504033672396 0.7386018237082067 0.6867765696246931 0.7226443768996961 0.6843212907751666 0.6588145896656535 0.668186601192564 0.6177811550151976 0.6453875833041038 0.6208206686930091 0.6239915819010874 0.6238601823708206 0.6057523675903191 0.6679331306990881 0.6047001052262364 0.6922492401215805