2 0.7611420612813371 0.5784574468085106 0.7743732590529248 0.5571808510638298 0.8151114206128134 0.5565159574468085 0.8335654596100278 0.5585106382978723 0.8360027855153204 0.6017287234042553 0.8394846796657381 0.7340425531914894 0.8088440111420613 0.7360372340425532 0.782033426183844 0.7047872340425532 0.7670612813370473 0.6382978723404256 0.758008356545961 0.5877659574468085
0 0.7092618384401114 0.6156914893617021 0.7277158774373259 0.5910904255319149 0.7541782729805014 0.5791223404255319 0.7677576601671309 0.6003989361702128 0.774025069637883 0.6436170212765957 0.8071030640668524 0.7566489361702128 0.8022284122562674 0.7845744680851063 0.7823816155988857 0.7878989361702128 0.7541782729805014 0.7493351063829787 0.7235376044568245 0.6875 0.7047353760445683 0.6382978723404256
0 0.6615598885793872 0.625 0.7106545961002786 0.6097074468085106 0.7183147632311978 0.6622340425531915 0.7520891364902507 0.7985372340425532 0.7022980501392758 0.8251329787234043 0.685933147632312 0.7925531914893617 0.6674791086350975 0.6914893617021277 0.6514623955431755 0.6476063829787234
0 0.3485376044568245 0.6037234042553191 0.3325208913649025 0.6083776595744681 0.32729805013927576 0.6622340425531915 0.30118384401114207 0.788563829787234 0.32137883008356544 0.8218085106382979 0.35201949860724235 0.8238031914893617 0.38196378830083566 0.714095744680851 0.391016713091922 0.6462765957446809 0.3864902506963788 0.6097074468085106 0.35201949860724235 0.6043882978723404
0 0.2883008356545961 0.5791223404255319 0.2381615598885794 0.7566489361702128 0.24651810584958217 0.7792553191489362 0.2618384401114206 0.7865691489361702 0.29352367688022285 0.7400265957446809 0.32520891364902504 0.6642287234042553 0.342966573816156 0.6196808510638298 0.3360027855153203 0.5970744680851063 0.306058495821727 0.5757978723404256
3 0.24651810584958217 0.5638297872340425 0.2214484679665738 0.5206117021276596 0.19881615598885793 0.5372340425531915 0.18314763231197773 0.586436170212766 0.1977715877437326 0.6668882978723404 0.2016016713091922 0.7473404255319149 0.22423398328690808 0.7845744680851063 0.24233983286908078 0.7559840425531915 0.2639275766016713 0.6988031914893617 0.2764623955431755 0.6476063829787234 0.2743732590529248 0.6090425531914894
0 0.3088440111420613 0.3916223404255319 0.30118384401114207 0.4900265957446808 0.28725626740947074 0.5651595744680851 0.3185933147632312 0.598404255319149 0.34435933147632314 0.5704787234042553 0.3447075208913649 0.5099734042553191 0.34331476323119775 0.37898936170212766 0.3178969359331476 0.3683510638297872
0 0.48920612813370473 0.40558510638297873 0.48363509749303624 0.6110372340425532 0.5268105849582173 0.6150265957446809 0.5254178272980501 0.4175531914893617 0.512883008356546 0.38430851063829785 0.4899025069637883 0.38763297872340424
0 0.5275069637883009 0.3976063829787234 0.525766016713092 0.617686170212766 0.5668523676880223 0.6117021276595744 0.5675487465181058 0.550531914893617 0.5682451253481894 0.4328457446808511 0.5623259052924791 0.37367021276595747 0.5389972144846796 0.3716755319148936 0.5302924791086351 0.3829787234042553
0 0.6782729805013927 0.40226063829787234 0.6772284122562674 0.5186170212765957 0.6720055710306406 0.586436170212766 0.6908077994428969 0.6077127659574468 0.7294568245125348 0.5910904255319149 0.7325905292479109 0.5638297872340425 0.7238857938718662 0.5086436170212766 0.7263231197771588 0.42220744680851063 0.713091922005571 0.38896276595744683 0.6855849582172702 0.3829787234042553
0 0.729108635097493 0.3896276595744681 0.7204038997214485 0.45013297872340424 0.7235376044568245 0.5498670212765957 0.7322423398328691 0.5797872340425532 0.7510445682451253 0.5811170212765957 0.7750696378830083 0.5565159574468085 0.7750696378830083 0.5159574468085106 0.7656685236768802 0.44813829787234044 0.7621866295264624 0.37433510638297873 0.7600974930362117 0.355718085106383 0.7426880222841226 0.355718085106383
0 0.7545264623955432 0.3816489361702128 0.7621866295264624 0.5093085106382979 0.7684540389972145 0.5585106382978723 0.7893454038997214 0.5598404255319149 0.8189415041782729 0.5106382978723404 0.8011838440111421 0.41888297872340424 0.7855153203342619 0.33643617021276595 0.7621866295264624 0.34242021276595747