1 0.25835654596100277 0.5691489361702128 0.22632311977715877 0.6595744680851063 0.2440807799442897 0.7167553191489362 0.26915041782729804 0.711436170212766 0.2956128133704735 0.6582446808510638 0.3168523676880223 0.6003989361702128 0.3126740947075209 0.5644946808510638 0.2764623955431755 0.5325797872340425
0 0.3102367688022284 0.5751329787234043 0.32207520891364905 0.5625 0.3384401114206128 0.5678191489361702 0.358983286908078 0.5917553191489362 0.35724233983286907 0.6476063829787234 0.33356545961002787 0.7533244680851063 0.30118384401114207 0.7446808510638298 0.2823816155988858 0.7094414893617021 0.29735376044568246 0.6476063829787234 0.3071030640668524 0.5930851063829787
1 0.28342618384401114 0.42220744680851063 0.2917827298050139 0.47938829787234044 0.28934540389972147 0.5438829787234043 0.30396935933147634 0.5651595744680851 0.3178969359331476 0.567154255319149 0.3342618384401114 0.5531914893617021 0.3398328690807799 0.5292553191489362 0.3332172701949861 0.480718085106383 0.32207520891364905 0.3949468085106383 0.3081476323119777 0.355718085106383 0.2931754874651811 0.36436170212765956 0.2761142061281337 0.39228723404255317
0 0.3231197771587744 0.4035904255319149 0.3342618384401114 0.5 0.3307799442896936 0.5226063829787234 0.33809192200557103 0.567154255319149 0.3791782729805014 0.5598404255319149 0.3850974930362117 0.5372340425531915 0.3802228412256267 0.4973404255319149 0.375 0.41888297872340424 0.3551532033426184 0.3670212765957447 0.3241643454038997 0.3783244680851064
0 0.39658774373259054 0.5598404255319149 0.38997214484679665 0.6283244680851063 0.391016713091922 0.75 0.4112116991643454 0.75 0.42026462395543174 0.711436170212766 0.42479108635097496 0.6210106382978723 0.431058495821727 0.5571808510638298 0.407033426183844 0.5472074468085106
0 0.423050139275766 0.557845744680851 0.4352367688022284 0.5405585106382979 0.44846796657381616 0.5571808510638298 0.45090529247910865 0.5871010638297872 0.4453342618384401 0.6502659574468085 0.4362813370473538 0.7712765957446809 0.4206128133704735 0.7706117021276596 0.42096100278551535 0.692154255319149 0.4216573816155989 0.6170212765957447 0.41991643454038996 0.5658244680851063
0 0.7263231197771588 0.43882978723404253 0.7172701949860725 0.5039893617021277 0.7172701949860725 0.5438829787234043 0.7238857938718662 0.5591755319148937 0.7496518105849582 0.567154255319149 0.7632311977715878 0.4734042553191489 0.7816852367688022 0.4348404255319149 0.7566155988857939 0.4009308510638298 0.7284122562674095 0.4175531914893617
0 0.6869777158774373 0.39893617021276595 0.6730501392757661 0.4820478723404255 0.6629526462395543 0.5212765957446809 0.66991643454039 0.5531914893617021 0.6887186629526463 0.5691489361702128 0.7127437325905293 0.5492021276595744 0.716225626740947 0.5019946808510638 0.724233983286908 0.4288563829787234 0.7315459610027855 0.37898936170212766 0.7068245125348189 0.3663563829787234
0 0.6626044568245125 0.37433510638297873 0.6448467966573816 0.4128989361702128 0.6385793871866295 0.49601063829787234 0.6319637883008357 0.5325797872340425 0.6427576601671309 0.5598404255319149 0.6639972144846796 0.555186170212766 0.6713091922005571 0.5365691489361702 0.6706128133704735 0.48603723404255317 0.6814066852367688 0.3929521276595745 0.6824512534818942 0.3690159574468085
0 0.5887883008356546 0.5531914893617021 0.604108635097493 0.5438829787234043 0.6173398328690808 0.5711436170212766 0.6110724233983287 0.6269946808510638 0.6086350974930362 0.7373670212765957 0.6068941504178273 0.7712765957446809 0.5828690807799443 0.7779255319148937 0.5818245125348189 0.6928191489361702 0.5839136490250696 0.6183510638297872 0.584958217270195 0.5545212765957447
0 0.36559888579387184 0.37300531914893614 0.3767409470752089 0.4208776595744681 0.37848189415041783 0.4900265957446808 0.3725626740947075 0.5285904255319149 0.3826601671309192 0.5591755319148937 0.40807799442896936 0.5518617021276596 0.4101671309192201 0.5398936170212766 0.40598885793871864 0.480718085106383 0.40181058495821725 0.41356382978723405 0.3906685236768802 0.3696808510638298 0.37395543175487467 0.35638297872340424 0.3645543175487465 0.36436170212765956
0 0.3934540389972145 0.36436170212765956 0.40285515320334264 0.4242021276595745 0.403899721448468 0.5019946808510638 0.40215877437325903 0.5272606382978723 0.41051532033426186 0.5438829787234043 0.42827298050139273 0.5445478723404256 0.43941504178272983 0.538563829787234 0.43941504178272983 0.5079787234042553 0.43245125348189417 0.47007978723404253 0.4181754874651811 0.375 0.40598885793871864 0.33976063829787234 0.3931058495821727 0.34441489361702127