2 0.2591164095371669 0.5319148936170213 0.2422861150070126 0.5699088145896657 0.22124824684431976 0.6382978723404256 0.2187938288920056 0.6816109422492401 0.23316970546984572 0.723404255319149 0.2654277699859748 0.7218844984802432 0.2861150070126227 0.6740121580547113 0.2966339410939691 0.6405775075987842 0.3008415147265077 0.6025835866261399 0.2955820476858345 0.5661094224924013 0.2759467040673212 0.5455927051671733
2 0.2850631136044881 0.3130699088145897 0.2717391304347826 0.37462006079027355 0.264726507713885 0.4376899696048632 0.2661290322580645 0.4764437689969605 0.2805049088359046 0.4992401215805471 0.2976858345021038 0.5015197568389058 0.31311360448807857 0.4787234042553192 0.32047685834502104 0.44072948328267475 0.32012622720897616 0.4027355623100304 0.3180224403927069 0.3541033434650456 0.29978962131837306 0.3168693009118541
1 0.31837307152875177 0.3670212765957447 0.3120617110799439 0.42401215805471126 0.30434782608695654 0.4756838905775076 0.29838709677419356 0.506838905775076 0.2980364656381487 0.5387537993920972 0.3068022440392707 0.5501519756838906 0.31661991584852733 0.5486322188449848 0.32503506311360447 0.5531914893617021 0.3394109396914446 0.5493920972644377 0.34537166900420757 0.5311550151975684 0.3488779803646564 0.49012158054711247 0.3467741935483871 0.446048632218845 0.3439691444600281 0.3951367781155015 0.34011220196353437 0.3586626139817629 0.32994389901823284 0.3351063829787234 0.32398316970546986 0.33966565349544076
1 0.3555399719495091 0.5957446808510638 0.34046283309957925 0.6610942249240122 0.32433380084151475 0.7006079027355623 0.3082047685834502 0.7462006079027356 0.29488078541374474 0.7629179331306991 0.2808555399719495 0.7598784194528876 0.27419354838709675 0.7424012158054711 0.2805049088359046 0.6816109422492401 0.2861150070126227 0.6428571428571429 0.2924263674614306 0.6056231003039514 0.29838709677419356 0.5638297872340425 0.30434782608695654 0.5509118541033434 0.31977559607293127 0.5433130699088146 0.33555399719495094 0.560790273556231 0.349929873772791 0.5752279635258358
0 0.3373071528751753 0.541033434650456 0.34151472650771386 0.5691489361702128 0.3593969144460028 0.567629179331307 0.37692847124824685 0.5585106382978723 0.38920056100981765 0.5395136778115501 0.3856942496493689 0.5015197568389058 0.3755259467040673 0.45364741641337386 0.3600981767180926 0.3655015197568389 0.3492286115007013 0.34574468085106386 0.34642356241234223 0.3761398176291793 0.3425666199158485 0.418693009118541 0.3390603085553997 0.46504559270516715 0.3390603085553997 0.5053191489361702
2 0.75 0.5554711246200608 0.7668302945301543 0.5896656534954408 0.7752454417952315 0.6306990881458967 0.77945301542777 0.675531914893617 0.7727910238429172 0.7264437689969605 0.7468443197755961 0.729483282674772 0.7328190743338009 0.7104863221884499 0.7212482468443198 0.6800911854103343 0.7128330995792427 0.6466565349544073 0.708625525946704 0.5995440729483282 0.7131837307152875 0.5782674772036475 0.7251051893408135 0.5630699088145896 0.7387798036465638 0.5569908814589666
1 0.6321879382889201 0.5737082066869301 0.6360448807854138 0.6094224924012158 0.6363955119214586 0.6413373860182371 0.6363955119214586 0.6876899696048632 0.6388499298737728 0.7492401215805471 0.6392005610098177 0.7940729483282675 0.6356942496493688 0.8069908814589666 0.6290322580645161 0.8062310030395137 0.6195652173913043 0.7857142857142857 0.6129032258064516 0.7545592705167173 0.6086956521739131 0.7135258358662614 0.6051893408134642 0.6610942249240122 0.603085553997195 0.6253799392097265 0.6044880785413744 0.5957446808510638 0.6076437587657784 0.5683890577507599 0.615007012622721 0.5683890577507599
1 0.5883590462833099 0.5638297872340425 0.5767882187938289 0.5790273556231003 0.5757363253856943 0.6132218844984803 0.576437587657784 0.6702127659574468 0.576437587657784 0.7249240121580547 0.5771388499298737 0.7667173252279635 0.5820476858345021 0.7895136778115501 0.5894109396914446 0.791033434650456 0.5992286115007013 0.7530395136778115 0.6002805049088359 0.7135258358662614 0.6016830294530154 0.7013677811550152 0.6076437587657784 0.6436170212765957 0.6100981767180925 0.6056231003039514 0.6065918653576438 0.5805471124620061
0 0.3330995792426367 0.6101823708206687 0.3215287517531557 0.7446808510638298 0.3211781206171108 0.7689969604863222 0.3302945301542777 0.7743161094224924 0.3467741935483871 0.7743161094224924 0.3611500701262272 0.7583586626139818 0.37131837307152876 0.7317629179331308 0.37762973352033663 0.6937689969604863 0.38394109396914444 0.6375379939209727 0.3814866760168303 0.5653495440729484 0.35834502103786814 0.5683890577507599 0.3397615708274895 0.5797872340425532
0 0.6325385694249649 0.6466565349544073 0.6423562412342216 0.7803951367781155 0.6644460028050491 0.7925531914893617 0.6900420757363254 0.7796352583586627 0.6893408134642356 0.7332826747720365 0.6784712482468443 0.6618541033434651 0.6725105189340813 0.6246200607902735 0.6640953716690042 0.5805471124620061 0.6437587657784011 0.5797872340425532 0.6335904628330996 0.5866261398176292 0.6283309957924264 0.6268996960486323
2 0.688288920056101 0.38677811550151975 0.6875876577840112 0.44072948328267475 0.6907433380084151 0.48936170212765956 0.7026647966339411 0.5053191489361702 0.732468443197756 0.4886018237082067 0.738078541374474 0.4452887537993921 0.7331697054698457 0.3738601823708207 0.72054698457223 0.3343465045592705 0.7023141654978962 0.3343465045592705