1 0.27918424753867793 0.5790273556231003 0.27637130801687765 0.6322188449848024 0.28164556962025317 0.6572948328267477 0.31926863572433195 0.6975683890577508 0.34985935302390997 0.6382978723404256 0.3530239099859353 0.5638297872340425 0.34247538677918427 0.5357142857142857 0.29957805907172996 0.540273556231003 0.2760196905766526 0.5509118541033434
0 0.6775668073136427 0.5045592705167173 0.6782700421940928 0.5797872340425532 0.6969057665260197 0.6671732522796353 0.7130801687763713 0.689209726443769 0.7383966244725738 0.6861702127659575 0.7260900140646976 0.5395136778115501 0.7236286919831224 0.4908814589665654 0.6888185654008439 0.49012158054711247
0 0.5770042194092827 0.5319148936170213 0.5850914205344585 0.5911854103343465 0.5882559774964838 0.7013677811550152 0.5935302390998594 0.7287234042553191 0.6068917018284107 0.7241641337386018 0.610056258790436 0.6367781155015197 0.6090014064697609 0.5539513677811551 0.6054852320675106 0.49620060790273557 0.5857946554149086 0.49544072948328266 0.5819268635724332 0.49544072948328266
0 0.6026722925457103 0.5015197568389058 0.6012658227848101 0.53419452887538 0.6107594936708861 0.5995440729483282 0.6135724331926864 0.6808510638297872 0.6163853727144867 0.7218844984802432 0.6339662447257384 0.7188449848024316 0.6374824191279888 0.6709726443768997 0.6357243319268636 0.5851063829787234 0.6350210970464135 0.5113981762917933 0.6336146272855133 0.49772036474164133 0.6181434599156118 0.4939209726443769 0.6065400843881856 0.4939209726443769
1 0.630801687763713 0.49544072948328266 0.630801687763713 0.5379939209726444 0.6371308016877637 0.587386018237082 0.6445147679324894 0.6990881458966566 0.6529535864978903 0.7165653495440729 0.6962025316455697 0.6724924012158054 0.6891701828410689 0.6155015197568389 0.6824894514767933 0.5440729483282675 0.679324894514768 0.49012158054711247 0.6438115330520394 0.49240121580547114
0 0.6311533052039381 0.331306990881459 0.6279887482419128 0.4194528875379939 0.6227144866385372 0.4878419452887538 0.6353727144866386 0.5 0.6589310829817159 0.49772036474164133 0.6585794655414908 0.4194528875379939 0.6624472573839663 0.3282674772036474 0.6476793248945147 0.27203647416413373 0.6265822784810127 0.27887537993920974
0 0.6058368495077355 0.303951367781155 0.6016174402250352 0.3981762917933131 0.5949367088607594 0.4635258358662614 0.5959915611814346 0.49544072948328266 0.6195499296765119 0.4969604863221885 0.630098452883263 0.4946808510638298 0.6311533052039381 0.4156534954407295 0.6339662447257384 0.31458966565349544 0.6272855133614628 0.26063829787234044 0.6030239099859352 0.2712765957446808
0 0.5826300984528833 0.30927051671732525 0.5745428973277075 0.4194528875379939 0.5717299578059072 0.4825227963525836 0.5770042194092827 0.5037993920972644 0.6047819971870605 0.49772036474164133 0.6047819971870605 0.42629179331306993 0.6054852320675106 0.34422492401215804 0.6047819971870605 0.2803951367781155 0.5882559774964838 0.2765957446808511 0.5819268635724332 0.30015197568389057
0 0.28164556962025317 0.3670212765957447 0.2918424753867792 0.45592705167173253 0.2928973277074543 0.53419452887538 0.3108298171589311 0.5531914893617021 0.3368495077355837 0.5379939209726444 0.34247538677918427 0.506079027355623 0.33473980309423346 0.4399696048632219 0.31962025316455694 0.3465045592705167 0.3048523206751055 0.30623100303951367 0.2886779184247539 0.30623100303951367 0.28094233473980307 0.33206686930091184
3 0.36146272855133615 0.32066869300911854 0.3709563994374121 0.39893617021276595 0.37658227848101267 0.47416413373860183 0.37939521800281295 0.5113981762917933 0.40189873417721517 0.5121580547112462 0.4110407876230661 0.5022796352583586 0.41526019690576654 0.49164133738601823 0.4078762306610408 0.42857142857142855 0.39943741209563993 0.3708206686930091 0.38466947960618847 0.29027355623100304 0.3744725738396624 0.2796352583586626 0.36603375527426163 0.28495440729483285 0.3593530239099859 0.3009118541033435
1 0.36146272855133615 0.32066869300911854 0.3709563994374121 0.39893617021276595 0.37658227848101267 0.47416413373860183 0.37939521800281295 0.5113981762917933 0.40189873417721517 0.5121580547112462 0.4110407876230661 0.5022796352583586 0.41526019690576654 0.49164133738601823 0.4078762306610408 0.42857142857142855 0.39943741209563993 0.3708206686930091 0.38466947960618847 0.29027355623100304 0.3744725738396624 0.2796352583586626 0.36603375527426163 0.28495440729483285 0.3593530239099859 0.3009118541033435
3 0.5464135021097046 0.36930091185410335 0.5460618846694796 0.43844984802431614 0.5436005625879043 0.48936170212765956 0.5615330520393812 0.5015197568389058 0.5777074542897328 0.48632218844984804 0.5759493670886076 0.42857142857142855 0.5752461322081576 0.35106382978723405 0.5822784810126582 0.29711246200607905 0.5784106891701828 0.270516717325228 0.5632911392405063 0.25759878419452886 0.5446554149085795 0.2811550151975684 0.5436005625879043 0.33282674772036475
0 0.3410689170182841 0.44680851063829785 0.33649789029535865 0.48024316109422494 0.33720112517580875 0.5037993920972644 0.3410689170182841 0.5144376899696048 0.34739803094233473 0.5159574468085106 0.3611111111111111 0.5106382978723404 0.3769338959212377 0.5091185410334347 0.3878340365682138 0.5053191489361702 0.3909985935302391 0.48328267477203646 0.3853727144866385 0.44452887537993924 0.37658227848101267 0.425531914893617 0.37130801687763715 0.39361702127659576 0.3628691983122363 0.36930091185410335 0.3582981715893108 0.3495440729483283 0.3575949367088608 0.33282674772036475 0.3551336146272855 0.30851063829787234 0.34282700421940926 0.2917933130699088 0.32946554149085794 0.30167173252279633 0.3227848101265823 0.3252279635258359 0.32243319268635723 0.34498480243161095 0.3231364275668073 0.3662613981762918 0.3270042194092827 0.3913373860182371 0.3319268635724332 0.418693009118541
0 0.24929676511954993 0.48556231003039513 0.24753867791842477 0.5098784194528876 0.2668776371308017 0.5509118541033434 0.279887482419128 0.5524316109422492 0.2879746835443038 0.5387537993920972 0.29324894514767935 0.5151975683890577 0.29360056258790435 0.4886018237082067 0.2928973277074543 0.46580547112462006 0.29078762306610406 0.4331306990881459 0.2893811533052039 0.39969604863221886 0.2879746835443038 0.378419452887538 0.2876230661040788 0.3556231003039514 0.2876230661040788 0.3434650455927052 0.28375527426160335 0.32750759878419455 0.2760196905766526 0.32370820668693007 0.2721518987341772 0.3351063829787234
0 0.3519690576652602 0.5159574468085106 0.3438818565400844 0.5159574468085106 0.34282700421940926 0.5296352583586627 0.3477496483825598 0.5600303951367781 0.34810126582278483 0.5927051671732523 0.3466947960618847 0.6193009118541033 0.34282700421940926 0.6565349544072948 0.33860759493670883 0.6952887537993921 0.34282700421940926 0.7211246200607903 0.3540787623066104 0.7310030395136778 0.3709563994374121 0.7188449848024316 0.3818565400843882 0.6922492401215805 0.3871308016877637 0.6664133738601824 0.39135021097046413 0.6367781155015197 0.3931082981715893 0.6041033434650456 0.3931082981715893 0.5752279635258358 0.3980309423347398 0.5334346504559271 0.39838255977496484 0.5151975683890577 0.39767932489451474 0.5075987841945289 0.3917018284106892 0.5075987841945289 0.3860759493670886 0.5098784194528876 0.37236286919831224 0.5106382978723404