2 0.2695258019525802 0.3211436170212766 0.25523012552301255 0.3517287234042553 0.2402370990237099 0.39361702127659576 0.2402370990237099 0.43617021276595747 0.2583682008368201 0.44813829787234044 0.27824267782426776 0.44813829787234044 0.2890516039051604 0.42819148936170215 0.29602510460251047 0.3849734042553192 0.298465829846583 0.35106382978723405 0.2894002789400279 0.324468085106383 0.2789400278940028 0.324468085106383
2 0.2489539748953975 0.6017287234042553 0.2308228730822873 0.6077127659574468 0.2196652719665272 0.6356382978723404 0.20920502092050208 0.6861702127659575 0.21443514644351463 0.7087765957446809 0.22942817294281728 0.7293882978723404 0.24337517433751743 0.7293882978723404 0.25523012552301255 0.711436170212766 0.26324965132496514 0.6934840425531915 0.2723152022315202 0.6688829787234043 0.27266387726638774 0.6409574468085106 0.26464435146443516 0.6156914893617021
1 0.29358437935843795 0.5718085106382979 0.2803347280334728 0.5724734042553191 0.2733612273361227 0.6083776595744681 0.2733612273361227 0.6349734042553191 0.2709205020920502 0.6542553191489362 0.26569037656903766 0.6868351063829787 0.2601115760111576 0.7061170212765957 0.25418410041841005 0.7440159574468085 0.2597629009762901 0.7626329787234043 0.2705718270571827 0.7706117021276596 0.2894002789400279 0.7706117021276596 0.3023012552301255 0.745345744680851 0.3214783821478382 0.6961436170212766 0.32670850767085075 0.6456117021276596 0.32670850767085075 0.5944148936170213 0.3186889818688982 0.5777925531914894 0.29707112970711297 0.5738031914893617
0 0.3601813110181311 0.41356382978723405 0.3601813110181311 0.4787234042553192 0.35599721059972106 0.5139627659574468 0.35599721059972106 0.5511968085106383 0.3591352859135286 0.5884308510638298 0.38458856345885634 0.5957446808510638 0.3912133891213389 0.5638297872340425 0.3912133891213389 0.5019946808510638 0.38842398884239887 0.43882978723404253 0.38458856345885634 0.4089095744680851 0.37308228730822873 0.3976063829787234 0.36401673640167365 0.3976063829787234
0 0.3542538354253835 0.3949468085106383 0.3577405857740586 0.4607712765957447 0.35808926080892606 0.5106382978723404 0.3594839609483961 0.5478723404255319 0.3594839609483961 0.5684840425531915 0.3514644351464435 0.5764627659574468 0.33507670850767085 0.5764627659574468 0.3148535564853556 0.5751329787234043 0.30857740585774057 0.555186170212766 0.3082287308228731 0.5086436170212766 0.31311018131101814 0.4720744680851064 0.31764295676429566 0.4261968085106383 0.3183403068340307 0.3809840425531915 0.32566248256624825 0.3809840425531915 0.34205020920502094 0.3809840425531915
2 0.8179916317991632 0.5970744680851063 0.8361227336122734 0.6163563829787234 0.8462343096234309 0.6482712765957447 0.8434449093444909 0.692154255319149 0.8329846582984658 0.7194148936170213 0.8127615062761506 0.7194148936170213 0.7932357043235704 0.6908244680851063 0.7810320781032078 0.6622340425531915 0.7796373779637378 0.6343085106382979 0.7894002789400278 0.6083776595744681 0.802649930264993 0.5977393617021277
2 0.7789400278940027 0.3410904255319149 0.8029986052998606 0.3836436170212766 0.8016039051603905 0.4315159574468085 0.7894002789400278 0.4601063829787234 0.7733612273361228 0.4601063829787234 0.7534867503486751 0.4488031914893617 0.747907949790795 0.40691489361702127 0.7423291492329149 0.3603723404255319 0.747907949790795 0.34308510638297873 0.7632496513249651 0.34308510638297873
0 0.6865411436541143 0.41888297872340424 0.6872384937238494 0.5006648936170213 0.6841004184100419 0.5392287234042553 0.6816596931659693 0.5764627659574468 0.702928870292887 0.5944148936170213 0.7283821478382148 0.5904255319148937 0.7329149232914923 0.5738031914893617 0.7329149232914923 0.5438829787234043 0.7304741980474198 0.4920212765957447 0.7294281729428173 0.42486702127659576 0.7238493723849372 0.38896276595744683 0.7102510460251046 0.3882978723404255 0.7011854951185496 0.4029255319148936
1 0.7158298465829847 0.6256648936170213 0.7262900976290098 0.65625 0.7364016736401674 0.7147606382978723 0.7496513249651325 0.7526595744680851 0.7496513249651325 0.7819148936170213 0.7461645746164575 0.785904255319149 0.7221059972105998 0.8071808510638298 0.701534170153417 0.7945478723404256 0.6847977684797768 0.7400265957446809 0.6701534170153417 0.6662234042553191 0.6705020920502092 0.6289893617021277 0.6792189679218968 0.6230053191489362 0.701534170153417 0.6230053191489362
0 0.657252440725244 0.6150265957446809 0.6736401673640168 0.6462765957446809 0.6774755927475593 0.6941489361702128 0.6861924686192469 0.7832446808510638 0.6865411436541143 0.817154255319149 0.6827057182705718 0.8377659574468085 0.6666666666666666 0.8218085106382979 0.6513249651324965 0.7865691489361702 0.6398186889818689 0.7214095744680851 0.6338912133891214 0.6722074468085106 0.6265690376569037 0.6256648936170213 0.6356345885634589 0.6063829787234043 0.645397489539749 0.6063829787234043
0 0.7262900976290098 0.5977393617021277 0.7144351464435147 0.6030585106382979 0.7144351464435147 0.6329787234042553 0.7255927475592747 0.6535904255319149 0.7395397489539749 0.7007978723404256 0.7555788005578801 0.7626329787234043 0.7698744769874477 0.7852393617021277 0.793584379358438 0.7759308510638298 0.801255230125523 0.7413563829787234 0.801255230125523 0.7047872340425532 0.7911436541143654 0.6868351063829787 0.7834728033472803 0.6702127659574468 0.7785913528591353 0.6389627659574468 0.7761506276150628 0.6017287234042553 0.7702231520223152 0.5797872340425532 0.7601115760111576 0.574468085106383 0.7489539748953975 0.574468085106383 0.7426778242677824 0.5804521276595744 0.7325662482566249 0.5857712765957447
0 0.548465829846583 0.40492021276595747 0.5529986052998606 0.5006648936170213 0.5550906555090656 0.5598404255319149 0.5568340306834031 0.6003989361702128 0.551255230125523 0.620345744680851 0.5376569037656904 0.620345744680851 0.5237099023709902 0.6117021276595744 0.5156903765690377 0.5691489361702128 0.5156903765690377 0.5066489361702128 0.5195258019525802 0.4162234042553192 0.5338214783821479 0.3996010638297872
0 0.5529986052998606 0.3929521276595745 0.5529986052998606 0.4627659574468085 0.553347280334728 0.5418882978723404 0.5568340306834031 0.5844414893617021 0.5631101813110181 0.6077127659574468 0.5767085076708508 0.6050531914893617 0.5850767085076709 0.5784574468085106 0.5843793584379359 0.5325797872340425 0.5843793584379359 0.4720744680851064 0.5840306834030683 0.41688829787234044 0.5781032078103208 0.3863031914893617 0.5617154811715481 0.3796542553191489
0 0.41492329149232915 0.4015957446808511 0.41736401673640167 0.5179521276595744 0.41457461645746163 0.5724734042553191 0.4281729428172943 0.6097074468085106 0.4393305439330544 0.6097074468085106 0.45327754532775455 0.5871010638297872 0.45536959553695955 0.550531914893617 0.450139470013947 0.5086436170212766 0.44700139470013944 0.4375 0.44142259414225943 0.3803191489361702 0.42189679218967924 0.33444148936170215 0.41248256624825663 0.34242021276595747 0.41248256624825663 0.3723404255319149
0 0.44735006973500696 0.4089095744680851 0.452231520223152 0.5485372340425532 0.4511854951185495 0.5930851063829787 0.45676429567642957 0.605718085106383 0.4696652719665272 0.6077127659574468 0.48361227336122736 0.6017287234042553 0.4825662482566248 0.5485372340425532 0.4797768479776848 0.4740691489361702 0.4707112970711297 0.38563829787234044 0.45641562064156205 0.3829787234042553
0 0.47629009762900976 0.4261968085106383 0.4829149232914923 0.6117021276595744 0.4881450488145049 0.6223404255319149 0.5209205020920502 0.6150265957446809 0.5181311018131102 0.5691489361702128 0.5146443514644351 0.4800531914893617 0.500697350069735 0.4128989361702128 0.4850069735006973 0.39694148936170215
0 0.5937935843793585 0.3896276595744681 0.5836820083682008 0.535904255319149 0.5829846582984658 0.5871010638297872 0.599721059972106 0.6136968085106383 0.6195955369595537 0.5884308510638298 0.6251743375174338 0.5611702127659575 0.6230822873082287 0.5186170212765957 0.6227336122733612 0.4029255319148936 0.6290097629009763 0.3716755319148936 0.6342398884239888 0.3603723404255319 0.6290097629009763 0.3351063829787234 0.6021617852161785 0.35638297872340424
0 0.6304044630404463 0.40824468085106386 0.6070432357043236 0.5598404255319149 0.6150627615062761 0.589095744680851 0.6356345885634589 0.6097074468085106 0.6562064156206415 0.5851063829787234 0.6516736401673641 0.5339095744680851 0.654463040446304 0.43351063829787234 0.6537656903765691 0.38231382978723405 0.6286610878661087 0.3896276595744681
0 0.7276847977684798 0.4009308510638298 0.7269874476987448 0.49601063829787234 0.7350069735006973 0.5598404255319149 0.7524407252440726 0.5757978723404256 0.7754532775453278 0.5658244680851063 0.7852161785216178 0.5339095744680851 0.7719665271966527 0.480718085106383 0.75418410041841 0.425531914893617 0.7447698744769874 0.375 0.7318688981868898 0.375
3 0.7151324965132496 0.6243351063829787 0.7255927475592747 0.6549202127659575 0.7357043235704324 0.7134308510638298 0.7489539748953975 0.7513297872340425 0.7559274755927475 0.7825797872340425 0.7510460251046025 0.7945478723404256 0.7210599721059973 0.8218085106382979 0.700836820083682 0.793218085106383 0.6841004184100419 0.7386968085106383 0.6694560669456067 0.6648936170212766 0.6698047419804742 0.6276595744680851 0.6785216178521618 0.6216755319148937 0.700836820083682 0.6216755319148937
0 0.6122733612273361 0.617686170212766 0.595536959553696 0.6402925531914894 0.5958856345885635 0.6768617021276596 0.603905160390516 0.8011968085106383 0.6188981868898187 0.8211436170212766 0.6331938633193863 0.7865691489361702 0.6349372384937239 0.6961436170212766 0.6363319386331938 0.663563829787234 0.6324965132496513 0.6216755319148937
1 0.3821478382147838 0.6103723404255319 0.3999302649930265 0.6063829787234043 0.41248256624825663 0.6283244680851063 0.41387726638772665 0.651595744680851 0.3957461645746165 0.7320478723404256 0.38249651324965134 0.8144946808510638 0.36262203626220363 0.807845744680851 0.3688981868898187 0.7486702127659575 0.3762203626220363 0.6575797872340425 0.37656903765690375 0.6276595744680851
3 0.3866806136680614 0.6083776595744681 0.3762203626220363 0.6256648936170213 0.36401673640167365 0.8071808510638298 0.3737796373779637 0.8191489361702128 0.38598326359832635 0.8031914893617021 0.3999302649930265 0.7293882978723404 0.4086471408647141 0.6695478723404256 0.4180613668061367 0.6416223404255319 0.4121338912133891 0.6190159574468085 0.39609483960948394 0.6050531914893617