0 0.3516566265060241 0.4369300911854103 0.3497740963855422 0.5045592705167173 0.34487951807228917 0.5281155015197568 0.35240963855421686 0.5486322188449848 0.3723644578313253 0.5562310030395137 0.38968373493975905 0.540273556231003 0.3855421686746988 0.4756838905775076 0.3704819277108434 0.29635258358662614 0.348644578313253 0.30319148936170215
0 0.3004518072289157 0.33814589665653494 0.31137048192771083 0.4734042553191489 0.3045933734939759 0.5235562310030395 0.32906626506024095 0.5455927051671733 0.34789156626506024 0.5516717325227963 0.36031626506024095 0.5387537993920972 0.35504518072289154 0.49620060790273557 0.35278614457831325 0.46656534954407297 0.3557981927710843 0.30775075987841943 0.307605421686747 0.32598784194528874
0 0.6042921686746988 0.32142857142857145 0.6042921686746988 0.4635258358662614 0.5997740963855421 0.5 0.5960090361445783 0.5379939209726444 0.6137048192771084 0.5486322188449848 0.6314006024096386 0.5395136778115501 0.6336596385542169 0.5357142857142857 0.6287650602409639 0.48632218844984804 0.6167168674698795 0.324468085106383 0.6046686746987951 0.3191489361702128
0 0.6261295180722891 0.33966565349544076 0.6295180722891566 0.47112462006079026 0.6276355421686747 0.540273556231003 0.639683734939759 0.5448328267477204 0.6521084337349398 0.5433130699088146 0.6588855421686747 0.541033434650456 0.6547439759036144 0.493161094224924 0.6457078313253012 0.33206686930091184 0.6351656626506024 0.32370820668693007
0 0.6524849397590361 0.33282674772036475 0.6543674698795181 0.4688449848024316 0.6502259036144579 0.5395136778115501 0.6822289156626506 0.5395136778115501 0.7010542168674698 0.5379939209726444 0.704066265060241 0.520516717325228 0.6980421686746988 0.47720364741641336 0.692394578313253 0.44680851063829785 0.7051957831325302 0.32370820668693007
0 0.7488704819277109 0.36246200607902734 0.7443524096385542 0.40425531914893614 0.7420933734939759 0.4376899696048632 0.7390813253012049 0.46808510638297873 0.7398343373493976 0.5 0.7443524096385542 0.5167173252279635 0.7537650602409639 0.5167173252279635 0.7718373493975904 0.5129179331306991 0.7842620481927711 0.5129179331306991 0.7823795180722891 0.4688449848024316 0.7786144578313253 0.41793313069908816 0.7820030120481928 0.3761398176291793 0.7793674698795181 0.324468085106383 0.7541415662650602 0.3343465045592705 0.7522590361445783 0.34194528875379937
1 0.6005271084337349 0.6382978723404256 0.5907379518072289 0.581306990881459 0.5899849397590361 0.5509118541033434 0.6001506024096386 0.5349544072948328 0.6144578313253012 0.547112462006079 0.6231174698795181 0.5714285714285714 0.6219879518072289 0.6231003039513677 0.6317771084337349 0.763677811550152 0.6137048192771084 0.7735562310030395
0 0.7044427710843374 0.5980243161094225 0.6927710843373494 0.5623100303951368 0.6901355421686747 0.5463525835866262 0.7100903614457831 0.5281155015197568 0.733433734939759 0.5113981762917933 0.7435993975903614 0.5144376899696048 0.7560240963855421 0.601823708206687 0.7767319277108434 0.7082066869300911 0.7409638554216867 0.7218844984802432 0.7164909638554217 0.6527355623100304
0 0.75 0.567629179331307 0.7424698795180723 0.5425531914893617 0.7424698795180723 0.5212765957446809 0.7507530120481928 0.506838905775076 0.7804969879518072 0.5015197568389058 0.7891566265060241 0.5045592705167173 0.7906626506024096 0.5273556231003039 0.7914156626506024 0.5615501519756839 0.8102409638554217 0.6603343465045592 0.7895331325301205 0.6884498480243161 0.7695783132530121 0.6428571428571429
0 0.23042168674698796 0.6816109422492401 0.2609186746987952 0.5866261398176292 0.26656626506024095 0.5623100303951368 0.2729668674698795 0.5144376899696048 0.2891566265060241 0.5144376899696048 0.31061746987951805 0.5372340425531915 0.3301957831325301 0.5569908814589666 0.31551204819277107 0.5980243161094225 0.2609186746987952 0.7279635258358662
0 0.17959337349397592 0.6208206686930091 0.21197289156626506 0.5463525835866262 0.22552710843373494 0.4817629179331307 0.23531626506024098 0.47416413373860183 0.2556475903614458 0.48556231003039513 0.2737198795180723 0.5106382978723404 0.27823795180722893 0.5372340425531915 0.2605421686746988 0.581306990881459 0.23870481927710843 0.6299392097264438 0.2055722891566265 0.6717325227963525