3 0.5502092050209205 0.5884308510638298 0.5714783821478382 0.5877659574468085 0.5739191073919108 0.6655585106382979 0.5749651324965133 0.7014627659574468 0.5843793584379359 0.7386968085106383 0.5798465829846583 0.7672872340425532 0.5683403068340307 0.7845744680851063 0.5523012552301255 0.7872340425531915 0.5449790794979079 0.757313829787234 0.549860529986053 0.726063829787234 0.5516039051603905 0.6821808510638298 0.5502092050209205 0.6289893617021277
0 0.6976987447698745 0.5930851063829787 0.7074616457461645 0.5930851063829787 0.7228033472803347 0.5711436170212766 0.7381450488145049 0.581781914893617 0.7468619246861925 0.5957446808510638 0.7611576011157601 0.6436170212765957 0.7810320781032078 0.7087765957446809 0.7806834030683403 0.7300531914893617 0.7691771269177127 0.7666223404255319 0.7524407252440726 0.7799202127659575 0.7315202231520224 0.7559840425531915 0.7140864714086471 0.7081117021276596 0.6959553695955369 0.6615691489361702 0.6893305439330544 0.613031914893617
0 0.653068340306834 0.5877659574468085 0.6701534170153417 0.5904255319148937 0.6830543933054394 0.5837765957446809 0.700139470013947 0.5990691489361702 0.7032775453277545 0.6402925531914894 0.702928870292887 0.6642287234042553 0.7221059972105998 0.7792553191489362 0.702231520223152 0.7905585106382979 0.6739888423988842 0.7892287234042553 0.6582984658298466 0.7746010638297872 0.6534170153417015 0.7373670212765957 0.6492329149232915 0.6542553191489362 0.6464435146443515 0.6117021276595744 0.648186889818689 0.5930851063829787
0 0.7224546722454672 0.39361702127659576 0.708507670850767 0.5219414893617021 0.7200139470013946 0.53125 0.7315202231520224 0.5418882978723404 0.75697350069735 0.5352393617021277 0.7618549511854951 0.5106382978723404 0.7653417015341701 0.43882978723404253 0.7681311018131102 0.3783244680851064 0.752092050209205 0.35438829787234044 0.7332635983263598 0.3683510638297872
0 0.33472803347280333 0.3683510638297872 0.32496513249651326 0.44813829787234044 0.31311018131101814 0.49800531914893614 0.3197350069735007 0.5339095744680851 0.35564853556485354 0.5398936170212766 0.36750348675034866 0.5126329787234043 0.3688981868898187 0.4321808510638298 0.3688981868898187 0.3497340425531915 0.35808926080892606 0.32646276595744683 0.3417015341701534 0.33444148936170215
0 0.3622733612273361 0.586436170212766 0.3786610878661088 0.5711436170212766 0.39400278940027894 0.5871010638297872 0.4107391910739191 0.5731382978723404 0.41841004184100417 0.6043882978723404 0.4100418410041841 0.6535904255319149 0.40550906555090654 0.7646276595744681 0.37587168758716877 0.7852393617021277 0.34449093444909346 0.7606382978723404 0.346931659693166 0.6928191489361702 0.3587866108786611 0.6416223404255319 0.3591352859135286 0.5944148936170213
0 0.46373779637377965 0.5837765957446809 0.4804741980474198 0.5678191489361702 0.49616457461645747 0.5824468085106383 0.49616457461645747 0.5997340425531915 0.49128312412831243 0.6815159574468085 0.4783821478382148 0.7945478723404256 0.46129707112970714 0.7952127659574468 0.4581589958158996 0.7646276595744681 0.45746164574616455 0.7081117021276596 0.4602510460251046 0.6263297872340425
0 0.6513249651324965 0.37898936170212766 0.6464435146443515 0.48936170212765956 0.6422594142259415 0.5332446808510638 0.648884239888424 0.550531914893617 0.6795676429567643 0.5511968085106383 0.7025801952580195 0.5345744680851063 0.698744769874477 0.4747340425531915 0.700836820083682 0.4148936170212766 0.698744769874477 0.3570478723404255 0.6750348675034867 0.35305851063829785 0.6565550906555091 0.35305851063829785
3 0.5338214783821479 0.6017287234042553 0.5264993026499303 0.7440159574468085 0.5285913528591353 0.776595744680851 0.549163179916318 0.7772606382978723 0.5557880055788006 0.7247340425531915 0.5519525801952581 0.5997340425531915
3 0.5146443514644351 0.5997340425531915 0.5135983263598326 0.754654255319149 0.5327754532775453 0.7613031914893617 0.5327754532775453 0.675531914893617 0.5338214783821479 0.6017287234042553
3 0.49372384937238495 0.601063829787234 0.49511854951185497 0.7127659574468085 0.49721059972105996 0.757313829787234 0.5153417015341701 0.754654255319149 0.5146443514644351 0.598404255319149