3 0.569001386962552 0.5771276595744681 0.5683079056865464 0.6230053191489362 0.5662274618585298 0.6529255319148937 0.5665742024965326 0.694813829787234 0.569001386962552 0.7513297872340425 0.5800970873786407 0.7938829787234043 0.6050624133148405 0.8118351063829787 0.6203190013869625 0.7952127659574468 0.6203190013869625 0.754654255319149 0.6199722607489597 0.6961436170212766 0.6116504854368932 0.6456117021276596 0.6071428571428571 0.5877659574468085 0.6012482662968099 0.5678191489361702 0.5870319001386962 0.569813829787234
1 0.4119278779472954 0.5791223404255319 0.4042995839112344 0.6037234042553191 0.39944521497919555 0.6436170212765957 0.39285714285714285 0.6974734042553191 0.3831484049930652 0.7519946808510638 0.3897364771151179 0.7706117021276596 0.40603328710124825 0.7699468085106383 0.41643550624133147 0.7300531914893617 0.4254507628294036 0.6655585106382979 0.44001386962552014 0.6150265957446809 0.43515950069348125 0.5824468085106383 0.4188626907073509 0.567154255319149
0 0.41539528432732314 0.3670212765957447 0.41539528432732314 0.4275265957446808 0.4147018030513176 0.5006648936170213 0.40603328710124825 0.5511968085106383 0.420249653259362 0.5738031914893617 0.4358529819694868 0.569813829787234 0.441747572815534 0.5458776595744681 0.4434812760055479 0.48271276595744683 0.44140083217753123 0.42021276595744683 0.435506241331484 0.3617021276595745 0.4289181692094313 0.33111702127659576 0.4209431345353675 0.3324468085106383
0 0.40048543689320387 0.39361702127659576 0.39042995839112343 0.45611702127659576 0.37933425797503467 0.511968085106383 0.3800277392510402 0.5412234042553191 0.3935506241331484 0.5684840425531915 0.4070735090152566 0.5638297872340425 0.41158113730929263 0.5465425531914894 0.41955617198335643 0.526595744680851 0.41955617198335643 0.48271276595744683 0.41782246879334256 0.42819148936170215 0.41920943134535366 0.3796542553191489 0.41643550624133147 0.35904255319148937 0.4053398058252427 0.36768617021276595
3 0.4389736477115118 0.4348404255319149 0.43966712898751736 0.4787234042553192 0.4389736477115118 0.5279255319148937 0.43828016643550627 0.5585106382978723 0.43966712898751736 0.5658244680851063 0.45180305131761445 0.5718085106382979 0.4656726768377254 0.5718085106382979 0.47018030513176146 0.569813829787234 0.47018030513176146 0.5445478723404256 0.47052704576976423 0.4966755319148936 0.4615117891816921 0.44148936170212766 0.4580443828016644 0.40757978723404253 0.4549237170596394 0.3617021276595745 0.4420943134535368 0.35305851063829785 0.43654646324549234 0.3617021276595745 0.43377253814147015 0.3690159574468085 0.4344660194174757 0.40558510638297873
3 0.45423023578363386 0.36103723404255317 0.4566574202496533 0.39361702127659576 0.460124826629681 0.4428191489361702 0.4667128987517337 0.49069148936170215 0.47018030513176146 0.538563829787234 0.46775312066574204 0.5738031914893617 0.4958391123439667 0.5738031914893617 0.5052011095700416 0.5691489361702128 0.5055478502080444 0.5285904255319149 0.4986130374479889 0.47273936170212766 0.4934119278779473 0.4541223404255319 0.5 0.4109042553191489 0.5045076282940361 0.3796542553191489 0.507628294036061 0.34308510638297873 0.49653259361997226 0.34308510638297873 0.48092926490984744 0.34773936170212766 0.4628987517337032 0.3497340425531915
3 0.5055478502080444 0.4295212765957447 0.4996532593619972 0.5113031914893617 0.5003467406380028 0.5625 0.5159500693481276 0.5691489361702128 0.5381414701803051 0.5678191489361702 0.5423023578363384 0.5638297872340425 0.5416088765603329 0.4740691489361702 0.542995839112344 0.4095744680851064 0.5516643550624133 0.386968085106383 0.5481969486823856 0.3696808510638298 0.5371012482662968 0.34574468085106386 0.5156033287101248 0.34574468085106386 0.5052011095700416 0.37566489361702127
0 0.5894590846047156 0.34507978723404253 0.573509015256588 0.41888297872340424 0.569001386962552 0.511968085106383 0.5696948682385575 0.5711436170212766 0.5852981969486823 0.5738031914893617 0.6022884882108183 0.5724734042553191 0.6071428571428571 0.5478723404255319 0.608876560332871 0.480718085106383 0.6144244105409153 0.40425531914893614 0.6189320388349514 0.355718085106383 0.6199722607489597 0.32180851063829785 0.6029819694868238 0.32180851063829785
0 0.6345353675450763 0.3982712765957447 0.6293342579750347 0.4720744680851064 0.625866851595007 0.5199468085106383 0.6269070735090153 0.555186170212766 0.647364771151179 0.5791223404255319 0.6667822468793343 0.5791223404255319 0.6740638002773925 0.5664893617021277 0.6737170596393898 0.5172872340425532 0.6699029126213593 0.46143617021276595 0.6650485436893204 0.3949468085106383 0.6501386962552012 0.37300531914893614 0.6352288488210819 0.39095744680851063
0 0.6966019417475728 0.3982712765957447 0.6813453536754508 0.42819148936170215 0.6754507628294036 0.46476063829787234 0.6685159500693482 0.5132978723404256 0.6671289875173371 0.535904255319149 0.673370319001387 0.5625 0.6955617198335645 0.5757978723404256 0.720873786407767 0.5757978723404256 0.7278085991678225 0.5511968085106383 0.7312760055478502 0.5013297872340425 0.7302357836338419 0.45013297872340424 0.7323162274618585 0.4035904255319149 0.7212205270457698 0.3650265957446808 0.7021497919556172 0.37699468085106386
1 0.22850208044382803 0.5897606382978723 0.2631761442441054 0.5 0.2815533980582524 0.49601063829787234 0.29854368932038833 0.5339095744680851 0.2999306518723994 0.5764627659574468 0.28224687933425796 0.6103723404255319 0.24029126213592233 0.6263297872340425