2 0.23552397868561278 0.5554711246200608 0.2557726465364121 0.5554711246200608 0.26536412078152755 0.5797872340425532 0.27495559502664296 0.6048632218844985 0.2753108348134991 0.6375379939209727 0.27424511545293073 0.6724924012158054 0.2515097690941385 0.7059270516717325 0.23658969804618118 0.7180851063829787 0.21740674955595027 0.7044072948328267 0.2063943161634103 0.6664133738601824 0.20284191829484902 0.6390577507598785 0.21492007104795738 0.5987841945288754 0.22628774422735345 0.5759878419452887
2 0.2674955595026643 0.2993920972644377 0.25257548845470695 0.31762917933130697 0.24653641207815274 0.3525835866261398 0.2468916518650089 0.3860182370820669 0.2532859680284192 0.41717325227963525 0.2650088809946714 0.44452887537993924 0.2841918294849023 0.44452887537993924 0.2959147424511545 0.4270516717325228 0.30976909413854353 0.3951367781155015 0.3147424511545293 0.3655015197568389 0.31047957371225576 0.33206686930091184 0.2998223801065719 0.310790273556231 0.28525754884547067 0.30319148936170215
2 0.7193605683836589 0.31382978723404253 0.7420959147424512 0.3472644376899696 0.7442273534635879 0.3768996960486322 0.7442273534635879 0.41413373860182373 0.7303730017761989 0.4513677811550152 0.7008880994671404 0.4376899696048632 0.6927175843694494 0.3981762917933131 0.68348134991119 0.3700607902735562 0.68348134991119 0.3366261398176292 0.7008880994671404 0.324468085106383
2 0.736056838365897 0.5592705167173252 0.7523978685612789 0.5516717325227963 0.7669626998223801 0.5645896656534954 0.7790408525754885 0.5995440729483282 0.7825932504440497 0.6299392097264438 0.7733570159857904 0.6838905775075987 0.7573712255772647 0.6907294832826748 0.7328596802841918 0.6838905775075987 0.7182948490230906 0.6451367781155015 0.7182948490230906 0.6094224924012158 0.7300177619893428 0.5790273556231003
1 0.6053285968028419 0.6003039513677811 0.6255772646536412 0.6124620060790273 0.6326820603907638 0.6641337386018237 0.6365896980461812 0.7127659574468085 0.6419182948490231 0.7803951367781155 0.6358792184724689 0.8145896656534954 0.6245115452930728 0.8191489361702128 0.613854351687389 0.7925531914893617 0.6049733570159858 0.7522796352583586 0.5975133214920071 0.6983282674772037 0.5921847246891652 0.6762917933130699 0.5840142095914742 0.6550151975683891 0.5854351687388988 0.628419452887538 0.5943161634103019 0.6117021276595744
0 0.6451154529307283 0.5934650455927052 0.6625222024866785 0.5949848024316109 0.6710479573712256 0.6223404255319149 0.6749555950266429 0.6610942249240122 0.6884547069271758 0.7104863221884499 0.6987566607460035 0.7522796352583586 0.6962699822380106 0.7788753799392097 0.6738898756660746 0.8085106382978723 0.655417406749556 0.8206686930091185 0.6436944937833037 0.7857142857142857 0.633392539964476 0.709726443768997 0.6305506216696269 0.6808510638297872 0.6191829484902309 0.648176291793313 0.6177619893428064 0.6147416413373861 0.6323268206039077 0.6041033434650456 0.6401420959147425 0.5911854103343465
0 0.6674955595026643 0.5828267477203647 0.6607460035523979 0.6101823708206687 0.6632326820603908 0.6519756838905775 0.6767317939609236 0.6793313069908815 0.6937833037300177 0.7173252279635258 0.7072824156305506 0.7462006079027356 0.7200710479573712 0.75 0.7346358792184725 0.7340425531914894 0.7367673179396093 0.7082066869300911 0.730728241563055 0.6679331306990881 0.7175843694493783 0.6276595744680851 0.71651865008881 0.5919452887537994 0.7104795737122558 0.560790273556231 0.6987566607460035 0.5577507598784195 0.6880994671403197 0.5638297872340425 0.6763765541740675 0.5691489361702128
1 0.6319715808170515 0.5942249240121581 0.6468916518650089 0.5782674772036475 0.647246891651865 0.5417933130699089 0.6422735346358792 0.4787234042553192 0.6397868561278863 0.44376899696048633 0.6397868561278863 0.40577507598784196 0.6337477797513321 0.3738601823708207 0.6206039076376554 0.3731003039513678 0.6134991119005329 0.39285714285714285 0.6134991119005329 0.4331306990881459 0.6134991119005329 0.47112462006079026 0.61101243339254 0.5053191489361702 0.61101243339254 0.5303951367781155 0.6078152753108348 0.5524316109422492 0.6085257548845471 0.574468085106383 0.6131438721136767 0.5858662613981763
1 0.31616341030195383 0.5782674772036475 0.3378330373001776 0.5957446808510638 0.352753108348135 0.5934650455927052 0.37015985790408523 0.560790273556231 0.37015985790408523 0.5311550151975684 0.36198934280639433 0.4878419452887538 0.3591474245115453 0.42401215805471126 0.35879218472468916 0.3966565349544073 0.35168738898756663 0.35638297872340424 0.341740674955595 0.3738601823708207 0.33285968028419183 0.40197568389057753 0.325044404973357 0.45440729483282677 0.3197158081705151 0.4939209726443769 0.31509769094138546 0.5174772036474165 0.31367673179396094 0.5448328267477204
3 0.644404973357016 0.5919452887537994 0.6618117229129663 0.5934650455927052 0.6703374777975133 0.6208206686930091 0.6742451154529308 0.6595744680851063 0.6877442273534636 0.708966565349544 0.6980461811722913 0.7507598784194529 0.6955595026642984 0.7773556231003039 0.6731793960923623 0.8069908814589666 0.6547069271758437 0.8191489361702128 0.6429840142095915 0.78419452887538 0.6326820603907638 0.7082066869300911 0.6298401420959148 0.6793313069908815 0.6184724689165186 0.6466565349544073 0.6170515097690942 0.6132218844984803 0.6316163410301954 0.6025835866261399 0.6394316163410302 0.5896656534954408
1 0.3900532859680284 0.4148936170212766 0.3882770870337478 0.49848024316109424 0.38969804618117226 0.5440729483282675 0.40390763765541743 0.5562310030395137 0.4099467140319716 0.5250759878419453 0.41492007104795736 0.39969604863221886 0.3911190053285968 0.3966565349544073