0 0.2942008486562942 0.22796352583586627 0.28925035360678925 0.3183890577507599 0.28111739745403114 0.3525835866261398 0.28111739745403114 0.3898176291793313 0.29490806223479493 0.42325227963525835 0.3217821782178218 0.41413373860182373 0.3277934936350778 0.38677811550151975 0.3323903818953324 0.3183890577507599 0.336987270155587 0.24240121580547114 0.3299151343705799 0.19680851063829788 0.3051626591230552 0.19072948328267478
0 0.44837340876944837 0.25455927051671734 0.4487270155586987 0.30547112462006076 0.4497878359264498 0.3609422492401216 0.44837340876944837 0.3951367781155015 0.4338755304101839 0.42325227963525835 0.4169024045261669 0.41109422492401215 0.4158415841584158 0.3533434650455927 0.41654879773691655 0.26975683890577506 0.4253889674681754 0.2196048632218845 0.4395332390381895 0.22188449848024316
1 0.45014144271570017 0.25455927051671734 0.4497878359264498 0.2993920972644377 0.4473125884016973 0.38145896656534956 0.44094766619519093 0.4004559270516717 0.44236209335219234 0.4316109422492401 0.4618104667609618 0.4316109422492401 0.4681753889674682 0.4065349544072948 0.47065063649222066 0.3518237082066869 0.4763083451202263 0.28799392097264437 0.46534653465346537 0.24164133738601823 0.4512022630834512 0.22188449848024316 0.4444837340876945 0.23556231003039513
0 0.4794908062234795 0.23708206686930092 0.47206506364922207 0.310790273556231 0.4664073550212164 0.3723404255319149 0.4664073550212164 0.43844984802431614 0.48125884016973125 0.45896656534954405 0.49646393210749645 0.45896656534954405 0.49929278642149927 0.3533434650455927 0.5021216407355021 0.2613981762917933 0.49823196605374825 0.22416413373860183 0.48302687411598305 0.22416413373860183
0 0.5721357850070722 0.20820668693009117 0.556930693069307 0.31382978723404253 0.5491513437057991 0.3768996960486322 0.5516265912305516 0.42401215805471126 0.5636492220650636 0.43465045592705165 0.5841584158415841 0.42933130699088146 0.5876944837340877 0.39361702127659576 0.5954738330975955 0.2917933130699088 0.5986562942008486 0.23328267477203649 0.5954738330975955 0.18085106382978725 0.57991513437058 0.16793313069908813
0 0.6028995756718529 0.2256838905775076 0.5947666195190948 0.2933130699088146 0.5891089108910891 0.35638297872340424 0.5827439886845828 0.37462006079027355 0.5823903818953324 0.41033434650455924 0.5898161244695899 0.425531914893617 0.6138613861386139 0.42933130699088146 0.6142149929278642 0.39285714285714285 0.6142149929278642 0.33586626139817627 0.6173974540311173 0.2689969604863222 0.621994342291372 0.22796352583586627 0.617043847241867 0.21048632218844984 0.6067892503536068 0.2135258358662614
0 0.6177510608203678 0.23632218844984804 0.6128005657708628 0.2925531914893617 0.6124469589816125 0.35106382978723405 0.611032531824611 0.4095744680851064 0.6138613861386139 0.42857142857142855 0.6276520509193777 0.4316109422492401 0.6428571428571429 0.4148936170212766 0.6425035360678925 0.3662613981762918 0.6386138613861386 0.32066869300911854 0.6361386138613861 0.2591185410334346 0.6414427157001414 0.21656534954407294 0.6283592644978784 0.20288753799392098
0 0.6432107496463932 0.2378419452887538 0.6371994342291372 0.31155015197568386 0.6410891089108911 0.3768996960486322 0.6410891089108911 0.39969604863221886 0.6347241867043847 0.42857142857142855 0.6623055162659123 0.4513677811550152 0.6923620933521923 0.42857142857142855 0.6888260254596889 0.3913373860182371 0.6838755304101839 0.3373860182370821 0.6814002828854314 0.25455927051671734 0.6803394625176803 0.22112462006079028 0.673974540311174 0.19832826747720364 0.6531117397454032 0.19908814589665655
0 0.5551626591230552 0.46808510638297873 0.5746110325318247 0.4513677811550152 0.5859264497878359 0.4703647416413374 0.5884016973125884 0.5091185410334347 0.5876944837340877 0.6170212765957447 0.5834512022630834 0.7127659574468085 0.57991513437058 0.7469604863221885 0.5668316831683168 0.7469604863221885 0.5601131541725601 0.743161094224924 0.5586987270155587 0.6816109422492401 0.5601131541725601 0.6048632218844985 0.5565770862800565 0.5015197568389058
0 0.3649222065063649 0.23252279635258358 0.3688118811881188 0.2773556231003039 0.36845827439886847 0.36854103343465044 0.36103253182461104 0.41413373860182373 0.3755304101838755 0.439209726443769 0.3935643564356436 0.43541033434650456 0.39568599717114566 0.4034954407294833 0.39462517680339465 0.3518237082066869 0.3953323903818953 0.28343465045592703 0.3850777934936351 0.20820668693009117 0.3673974540311174 0.18693009118541035 0.3631541725601132 0.21656534954407294
0 0.3313295615275813 0.23708206686930092 0.3302687411598303 0.3191489361702128 0.32496463932107494 0.42021276595744683 0.33663366336633666 0.44452887537993924 0.37234794908062235 0.43237082066869303 0.3744695898161245 0.3981762917933131 0.37057991513437055 0.3609422492401216 0.3702263083451202 0.3009118541033435 0.3642149929278642 0.25379939209726443 0.3511315417256011 0.21124620060790272 0.33875530410183874 0.19832826747720364